1.25909 -0.584228 0.0341323 0.0366061 -0.179127 0.27148 -0.491341 0.299488 
1.29255 -0.486813 0.331812 -0.646302 0.661306 -0.479401 0.313491 -0.195747 
1.32571 -0.419209 -0.0317585 -0.0545776 -0.00527239 0.352644 -0.35284 -0.0324915 
0.996776 0.0107168 -0.46882 0.008868 0.511315 -0.525695 -0.0993632 0.321619 
1.34904 -0.537941 0.210521 -0.458361 0.412292 -0.208656 0.0655846 -0.0989633 
1.42917 -0.464695 0.161626 -0.477557 0.0519096 0.140495 0.250437 -0.274799 
1.37967 -0.542626 -0.125705 0.32264 -0.423044 0.492158 -0.207775 -0.166378 
1.35561 -0.732724 0.423126 -0.391679 0.132229 0.125839 -0.359599 0.285742 
1.69893 -0.834542 -0.403867 0.801091 -0.309012 -0.387432 0.473017 -0.212785 
1.94704 -1.74492 1.05292 -0.334235 -0.378324 0.915016 -0.838158 0.209574 
1.2299 -0.250899 -0.430588 0.0522415 0.506633 -0.682642 0.267435 0.03138 
1.69758 -0.64381 -0.900181 1.32364 -0.371647 -0.681507 0.697173 -0.269759 
0.807597 -0.078272 0.0738345 0.0696263 -0.227469 0.181071 -0.205809 -0.0365994 
1.31125 -0.391342 -0.0663906 -0.0572004 0.173942 -0.517552 0.649851 -0.34032 
1.30298 -0.33024 -0.052458 -0.119469 -0.0383682 0.0491772 0.166106 -0.20187 
1.26288 -0.710224 0.265539 -0.370493 0.123091 0.0623275 -0.160276 -0.0576168 
1.69093 -0.949506 0.47913 -0.689374 0.37805 -0.302567 0.722084 -0.527584 
2.04669 -1.7971 1.17831 -0.799334 0.24578 0.0257877 0.0946104 -0.127642 
1.31399 -0.151078 -0.409989 -0.0759431 0.265752 -0.158792 0.236922 -0.175519 
1.44009 -0.342494 -0.628224 0.63152 -0.218496 -0.152177 0.168965 -0.0924449 
1.57716 -0.907094 0.301162 -0.230523 0.194647 0.00244171 -0.293341 0.180285 
1.52266 -0.959923 0.723172 -0.67862 0.199657 -0.153102 0.352514 -0.169366 
1.31375 -0.207512 -0.575879 0.537888 -0.102249 -0.188808 -0.0358745 0.0772242 
1.58917 -0.700524 0.00847187 -0.0475486 -0.00285747 -0.315403 0.702688 -0.430145 
1.4054 -0.633075 0.0149481 0.193597 -0.200331 -0.0430159 0.0697558 -0.062775 
1.24749 -0.226874 -0.140638 -0.0332269 0.0474994 -0.494686 0.711031 -0.334552 
1.44908 -0.6979 0.182614 -0.337855 0.291072 -0.207456 0.138793 -0.0248794 
1.23874 -0.401027 0.141869 -0.356006 0.142193 -0.0706137 0.291771 -0.205568 
1.38555 -0.654853 0.113824 0.0774709 -0.405215 0.502768 -0.0771357 -0.264551 
1.46048 -0.339241 -0.477154 0.361741 -0.181372 -0.275869 0.669845 -0.409747 
1.3804 -0.335087 -0.306593 0.324618 -0.459266 -0.0192965 0.626035 -0.428412 
1.06617 0.307009 -0.309117 -0.550295 -0.00177507 0.361818 0.278729 -0.400696 
1.71213 -1.16327 0.480589 -0.243428 0.291453 -0.736348 0.742078 -0.22155 
1.5597 -0.945485 0.26052 0.267945 -0.636757 0.680168 -0.310004 -0.0976777 
0.783686 -0.0354881 -0.0365394 0.0208528 0.06421 -0.203007 -0.0790171 0.0528723 
1.53435 -0.599964 -0.201725 0.320995 -0.343331 -0.00572541 0.409107 -0.311525 
1.03204 -0.179262 0.124223 -0.327865 0.063228 0.204509 -0.201989 -0.0463547 
1.40648 -0.92984 0.600604 -0.606896 0.48653 -0.33651 -0.0236718 0.154964 
1.21302 0.00120969 -0.674244 0.242634 0.22352 -0.11654 -0.111471 -0.0241325 
1.66066 -1.02887 0.384153 -0.198946 -0.0771754 0.0737899 0.170193 -0.201227 
1.4078 -0.717469 0.122174 0.0793681 -0.0690486 -0.0798126 0.256418 -0.307632 
1.40091 -0.727262 0.240777 -0.0315831 -0.207219 0.180916 0.128586 -0.2833 
1.55028 -0.862474 0.00826899 0.563468 -0.844748 0.729574 -0.308326 -0.0879047 
0.914242 -0.552558 0.31717 -0.363632 0.115112 -0.0775232 -0.178211 0.0542454 
1.83041 -1.36159 0.939182 -1.05762 0.849479 -0.68293 0.728706 -0.421081 
1.51825 -0.669051 0.0932129 -0.212185 0.139366 0.185547 -0.261653 0.0170278 
0.929619 -0.261322 -0.0129786 0.0305927 -0.149873 0.295265 -0.408591 0.12192 
1.4821 -0.554356 -0.250219 0.368305 -0.0827059 -0.455095 0.622479 -0.314691 
0.520705 0.116144 -0.114104 -0.081171 0.0197676 0.210598 -0.404299 0.0123385 
1.67635 -1.10174 0.700716 -0.9358 0.989931 -0.824968 0.50326 -0.183627 
1.55365 -0.961805 0.437323 -0.267733 -0.226894 0.644212 -0.358016 -0.116791 
1.44364 -0.572222 -0.209626 0.386647 -0.425308 0.213847 0.221864 -0.346235 
1.36112 -0.450007 -0.324502 0.553961 -0.523281 0.270421 0.0996738 -0.274904 
1.23684 -0.22663 -0.376716 0.210911 0.103428 -0.189806 0.120561 -0.18564 
1.86818 -1.01633 -0.414937 1.088 -1.02134 0.131649 0.685481 -0.489261 
1.43394 -0.321123 -0.338198 -0.194121 0.754934 -0.566021 0.0467903 0.0251339 
1.15618 -0.505089 0.127791 -0.196973 -0.0171287 -0.0648164 0.194936 -0.252511 
1.5534 -0.882901 0.323805 -0.0669286 -0.331314 0.729163 -0.813588 0.308579 
1.31113 -0.43818 -0.0379693 0.0475194 -0.134528 -0.00495301 0.327788 -0.352485 
1.37265 -0.44327 -0.016496 -0.106989 -0.0384812 0.198478 -0.132166 -0.0449331 
1.44626 -0.702322 0.105671 0.127681 -0.467744 0.645974 -0.400053 -0.00780203 
0.942897 -0.112242 -0.060419 -0.0977546 0.0117693 -0.33118 0.355009 -0.0886233 
1.32515 -0.289938 -0.49135 0.58679 -0.28973 -0.160188 0.120956 -0.0088267 
1.14282 0.039336 -0.501982 0.124487 0.137916 -0.172945 0.0925984 -0.106817 
1.7411 -0.883325 0.0533673 0.0318375 -0.395687 0.373173 0.286507 -0.3742 
1.4649 -0.963606 0.70941 -0.532886 0.112895 0.107991 0.0303172 -0.203668 
1.49258 -1.05136 0.914258 -0.945 0.727817 -0.426177 0.0901687 -0.0371727 
1.84512 -1.116 0.254817 -0.262267 0.170278 0.0200595 0.144708 -0.203181 
1.20271 -0.123087 -0.363956 0.0151207 0.114828 0.0605602 -0.183141 -0.0142077 
1.3828 -0.500307 -0.213119 0.339202 -0.170663 -0.0670693 -0.032018 0.0534949 
1.5845 -1.02583 0.559177 -0.390863 0.166766 0.179023 -0.344329 0.0760533 
1.59431 -0.489799 -0.763232 0.724221 0.114091 -0.767738 0.702844 -0.302734 
1.21515 -0.426638 0.0314152 -0.10302 0.0920513 0.00204424 -0.401194 0.37203 
1.47155 -0.605154 -0.136258 0.186188 -0.143841 -0.0284588 0.180671 -0.155947 
1.41747 -0.361833 -0.0375337 -0.232214 -0.2797 0.322996 0.415294 -0.434151 
1.50009 -0.618586 -0.157747 0.355219 -0.378465 0.38618 -0.322084 0.0439978 
1.6308 -0.66319 -0.203753 0.0901907 0.00193023 -0.0139812 0.159474 -0.153317 
1.1011 -0.342772 -0.195135 0.159069 -0.521672 0.561687 -0.329727 -0.0666168 
1.1441 -0.0618519 -0.307372 0.0228231 0.0514479 -0.147193 0.154782 -0.108337 
1.74391 -1.23633 0.899567 -1.06275 0.728248 -0.244319 0.10167 -0.0842747 
1.27897 -0.409047 0.0614663 -0.230303 0.052573 0.0793199 -0.0130021 0.0210816 
1.93014 -1.78602 1.45016 -1.31867 1.16298 -1.01391 0.729729 -0.336181 
1.03867 -0.0805985 -0.344729 -0.0625366 0.324907 -0.231836 -0.252131 0.281292 
1.20177 -0.186426 -0.526851 0.571079 -0.242846 0.013098 -0.133781 0.138653 
1.37156 -0.694232 0.520275 -0.817788 0.610144 -0.118024 0.0847251 -0.260336 
1.17824 -0.231171 -0.197547 0.153904 -0.114359 -0.0266417 0.35443 -0.411353 
1.15787 -0.534505 0.215186 -0.346199 0.0946734 0.0321124 -0.0545898 -0.110844 
1.68554 -0.983631 0.396471 -0.312985 -0.00265952 0.0174828 0.319069 -0.292224 
1.39462 -0.639012 0.117862 -0.017363 -0.0434352 0.0390528 0.135304 -0.256937 
1.41244 -0.515355 0.0558034 -0.100419 -0.132668 0.153592 0.0688392 -0.130461 
1.35585 -0.710161 0.249526 -0.163219 -0.122932 0.516424 -0.788741 0.461644 
1.88014 -0.93973 -0.306383 0.139307 0.475649 -0.625386 0.513535 -0.268371 
1.58215 -0.77336 -0.230592 0.632708 -0.333191 -0.405075 0.597823 -0.268367 
1.19811 0.246908 -0.675757 -0.136454 -0.0109674 0.469006 -0.075166 -0.158723 
1.43141 -0.929197 0.35859 -0.440256 0.350611 -0.0783511 -0.240582 0.0790046 
1.21873 -0.145204 -0.141903 -0.45416 0.250708 0.230696 -0.044639 -0.129286 
0.914564 -0.202545 0.131202 -0.0872102 -0.0233565 0.173837 -0.411102 0.112068 
1.72858 -0.850898 -0.0820077 0.138652 -0.283115 0.436254 -0.173528 -0.0575905 
1.73895 -0.870272 -0.136007 0.072022 0.153956 -0.330503 0.452609 -0.259869 
1.65538 -0.989953 0.409632 -0.414401 0.281299 -0.16524 0.121928 -0.0839869 
1.43537 -0.317788 -0.744344 0.782701 -0.113217 -0.469533 0.394565 -0.151013 
1.42836 -0.696801 0.0267321 0.355576 -0.6672 0.561005 -0.00954628 -0.298061 
1.55414 -0.416714 -0.394757 0.234944 -0.475649 0.326816 0.429488 -0.451618 
1.68383 -0.740352 -0.684584 1.32067 -0.909435 -0.336979 0.998471 -0.562017 
1.37757 -0.701911 0.460788 -0.484259 0.0599053 0.2348 -0.194809 0.07639 
0.940417 0.0224695 -0.375265 0.00289585 0.092455 -0.207023 0.0691424 0.00572134 
1.41082 -0.875769 0.677992 -0.788612 0.450489 -0.471242 0.482578 -0.163386 
1.3898 -0.111972 -0.540925 -0.0753236 0.101148 0.0247966 0.290434 -0.265651 
1.36622 -0.404603 -0.130236 -0.0552418 -0.0414643 0.500164 -0.629646 0.1677 
1.47522 -0.683285 0.283555 -0.4293 0.232701 -0.147493 0.284334 -0.208918 
1.3972 -0.656351 -0.0229745 0.385405 -0.590138 0.338728 -0.257792 0.209098 
1.71481 -0.894489 0.11509 -0.279445 0.0723887 0.332626 -0.161823 -0.0461519 
1.47922 -1.01139 0.647969 -0.736716 0.587265 -0.287805 -0.17285 0.189564 
1.18584 -0.27012 -0.303722 0.346262 -0.323001 0.078441 0.0495723 0.0192544 
1.65262 -0.672665 -0.295863 0.280653 -0.131855 -0.137103 0.403906 -0.265137 
0.767251 -0.0265905 0.266082 -0.263668 -0.083816 -0.126289 0.0268161 0.0728172 
1.24552 -0.361466 0.0873603 -0.312832 -0.0460458 0.0426527 0.306231 -0.232765 
1.76523 -0.647531 -0.783747 0.817186 -0.0476705 -0.817273 1.12043 -0.551493 
1.70904 -1.07624 0.443583 -0.335968 0.16933 -0.236975 0.52204 -0.377324 
1.68343 -0.822784 0.0876948 -0.309022 0.479164 -0.711926 0.921051 -0.520321 
1.31098 -0.190634 -0.222768 0.0470738 -0.449441 0.281468 0.500124 -0.46449 
1.19375 -0.219791 -0.164372 -0.15651 0.423316 -0.173119 -0.159559 -0.0116221 
1.30932 -0.696414 0.24217 -0.205448 -0.0341787 0.514748 -0.962849 0.592294 
1.05614 -0.264031 -0.163566 0.0311939 0.083842 -0.135365 -0.214527 0.231726 
1.22615 -0.132625 -0.387312 0.161329 -0.071648 0.0109007 0.289228 -0.35803 
1.29384 -0.496986 0.129888 -0.282259 0.128819 -0.036258 -0.0102064 0.09571 
1.26856 -0.325777 -0.0464298 -0.112406 -0.0306067 -0.0733042 0.292281 -0.220425 
1.2229 -0.432809 0.20351 -0.334513 0.0471982 -0.0550593 0.351106 -0.388334 
1.43718 -0.671214 0.122709 -0.29619 0.40595 -0.546072 0.421149 -0.0839638 
1.28569 -0.669686 -0.0326064 0.121803 -0.18363 0.0531649 -0.133116 0.0310751 
1.19373 0.205645 -0.68798 -0.0651463 0.471879 -0.219358 -0.133489 0.0854519 
0.968177 -0.176893 -0.0715671 -0.213736 0.0243947 0.0465632 -0.060541 -0.066488 
1.12749 -0.196924 0.0436004 -0.383037 0.281506 0.0260692 -0.187655 -0.0200398 
1.06596 -0.286199 -0.0427488 -0.189461 0.196904 -0.015462 -0.331008 0.25814 
1.81739 -1.39222 0.814996 -0.66121 0.665005 -0.888106 1.00722 -0.535287 
1.10514 -0.321549 -0.0312272 0.0347284 -0.318381 0.267562 -0.214783 0.152427 
1.23431 -0.55847 0.0299916 0.0350473 -0.012764 -0.226767 0.00648664 0.121255 
1.62322 -0.436735 -0.558403 0.18867 0.146176 -0.292575 0.623629 -0.458666 
1.4096 -0.276376 -0.149111 -0.344458 0.087998 0.0381611 0.468388 -0.423667 
1.58481 -0.934744 0.165962 0.394917 -0.934958 0.882284 -0.270992 -0.132705 
0.154398 -0.169899 -0.115163 -0.655724 0.103385 -0.267771 -0.141595 -0.640751 
1.34167 -0.499196 0.271898 -0.573848 0.385603 -0.129889 0.191207 -0.182449 
1.522 -0.928082 0.536804 -0.501557 0.443784 -0.308556 0.149766 -0.138015 
1.52453 -0.945379 0.25409 0.0047665 -0.0259615 -0.20646 0.478994 -0.429005 
1.67047 -0.859918 -0.0579622 0.226942 0.065546 -0.758925 1.04532 -0.507908 
1.34252 -0.197379 -0.356626 0.0321308 -0.0606169 -0.159915 0.572391 -0.396307 
0.924223 -0.0142357 -0.222079 0.0226054 -0.245928 0.168801 -0.0532002 0.0465348 
1.20016 -0.00100573 -0.25183 -0.274445 0.0683086 0.0886852 0.195585 -0.226025 
1.39192 -0.629246 -0.0960276 0.383573 -0.570572 0.398411 -0.0242753 -0.0547198 
1.20597 -0.484241 0.117659 -0.251608 0.21725 -0.213232 0.0391732 0.0169512 
1.25446 -0.298466 -0.121788 0.108025 -0.341167 0.418698 -0.248443 0.0343426 
1.4838 -0.506516 -0.157106 -0.121281 0.52068 -0.556403 0.315114 -0.153648 
1.42938 -0.708135 0.3412 -0.361845 0.320341 -0.248508 -0.0292465 0.0697661 
1.3715 -0.159834 -0.439498 0.101063 -0.290805 0.101216 0.690618 -0.594335 
1.6496 -0.687409 0.188242 -0.727905 0.372654 0.256629 0.0552299 -0.258939 
1.75414 -1.32216 0.965227 -1.16423 1.1087 -0.761323 0.479133 -0.27312 
1.37575 -0.518489 -0.102032 0.0655335 -0.0278132 0.141675 -0.189613 -0.0526741 
1.08859 -0.140373 -0.106116 -0.192768 0.325546 0.0531107 -0.564553 0.25229 
1.78067 -1.35797 0.800543 -0.525516 0.220049 0.0290272 -0.174455 0.0510506 
1.12484 -0.398082 -0.0322155 0.084943 -0.187953 -0.160222 0.258712 -0.081274 
1.16879 -0.317819 -0.188105 -0.109989 0.272881 -0.175063 -0.201455 0.192819 
1.17961 -0.353988 -0.034971 -0.0415956 -0.0421359 0.0146514 -0.264235 0.250186 
1.09524 -0.318615 -0.0506195 -0.107421 -0.195515 0.520938 -0.656742 0.248143 
1.45987 -0.476603 0.0106594 -0.360166 0.0596544 0.386217 -0.17852 -0.0540302 
1.15436 -0.0368254 -0.478732 0.0144939 0.351709 -0.281772 0.157016 -0.187178 
1.19975 -0.549888 0.269536 -0.592464 0.320676 -0.170209 0.20155 -0.259769 
1.51555 -0.557007 -0.382527 0.513085 -0.257885 -0.295165 0.54228 -0.285653 
1.41615 -0.490054 -0.295359 0.604622 -0.610386 0.182907 0.0772506 -0.05789 
1.48708 -0.708643 0.114437 -0.0778588 0.0377035 0.0454999 -0.105379 -0.00683982 
1.58812 -0.842873 0.035399 0.300236 -0.617368 0.824515 -0.566693 0.0487862 
0.873739 -0.251088 -0.336478 0.39252 -0.514032 -0.120487 0.220279 -0.227648 
1.63387 -0.622658 -0.443282 0.372009 0.105672 -0.718068 0.986887 -0.505692 
1.29558 -0.34277 -0.225387 0.232436 -0.213078 -0.109291 0.346261 -0.241357 
1.56371 -0.943003 0.295084 -0.0280067 -0.270175 0.504069 -0.304209 -0.0698531 
1.25913 -0.415727 -0.0344729 0.08936 -0.240934 0.130857 0.215078 -0.331304 
1.46732 -0.675755 0.182616 -0.335563 0.424086 -0.439556 0.357544 -0.173721 
1.27527 -0.28343 -0.0196805 -0.198765 0.104959 -0.130254 0.20264 -0.156235 
1.67319 -0.829073 0.0339993 -0.0060643 -0.073224 -0.089646 0.49739 -0.370053 
1.5867 -0.5977 -0.297915 0.277666 -0.074728 -0.0813751 0.122412 -0.0850483 
1.52554 -0.701104 0.345247 -0.665843 0.342743 -0.0096231 0.135672 -0.166624 
1.42824 -0.590657 0.174552 -0.276544 0.137876 -0.326106 0.598492 -0.370307 
1.8185 -1.5013 1.33616 -1.4348 0.885104 -0.346131 0.324542 -0.250651 
1.39275 -0.413007 -0.09513 -0.0369281 -0.149068 0.101087 0.219614 -0.206867 
1.33744 -0.153414 -0.384578 -0.281715 0.532886 -0.286307 0.258692 -0.181932 
1.37832 -0.18242 -0.680057 0.594394 -0.310016 -0.172519 0.493731 -0.311691 
1.08499 -0.0987034 -0.274595 0.0110465 0.2513 -0.397907 0.279482 -0.230925 
1.56771 -0.759532 0.359252 -0.646252 0.486329 -0.536072 0.850038 -0.527431 
1.23303 -0.106165 -0.416344 0.0191927 0.217692 0.0993587 -0.269665 -0.00399795 
1.08875 -0.257263 0.327993 -0.654617 0.352141 -0.0398202 0.166518 -0.297322 
0.892038 -0.159273 0.212533 -0.341638 0.304455 -0.0799853 -0.0933822 -0.0977526 
1.37634 -0.520765 0.218038 -0.680505 0.550057 0.0013769 -0.108336 -0.0178116 
1.24763 -0.195153 -0.476989 -0.19194 0.729748 -0.436891 -0.107732 0.200979 
1.61604 -0.625539 -0.124555 -0.10725 0.112225 -0.19177 0.541959 -0.39578 
1.62177 -0.97071 0.386394 -0.271114 0.412687 -0.80102 0.787551 -0.349986 
1.3703 -0.61847 0.17857 -0.135157 -0.145272 0.305694 -0.0844505 -0.150382 
1.14619 -0.341588 0.0460063 0.0138666 -0.213669 0.11652 -0.181965 0.220679 
0.989011 -0.362424 0.121585 -0.0852573 0.0886342 -0.148809 -0.08999 0.0494457 
1.45932 -0.709627 0.0665059 -0.0103218 0.166815 -0.241749 0.139692 -0.144592 
1.40681 -0.425617 0.122023 -0.460269 0.122714 0.0950433 0.233559 -0.263058 
1.39241 -0.615372 -0.0117531 0.216515 -0.409965 0.156684 0.159818 -0.0870399 
1.30382 -0.347183 -0.346016 0.322867 -0.0774195 -0.2445 0.372698 -0.270909 
1.60969 -0.95755 0.315419 0.0642569 -0.518163 0.635103 -0.51551 0.219826 
1.1508 -0.665968 0.27148 -0.279502 -0.0517125 0.132028 -0.233218 0.00626343 
1.38993 -0.610982 0.242425 -0.33332 -0.0358236 0.564417 -0.561241 0.10196 
1.64226 -0.618847 -0.34441 0.330326 -0.193214 -0.0748351 0.404078 -0.293589 
1.58041 -0.817287 0.132065 0.157907 -0.632486 0.623577 -0.164695 -0.0627888 
1.38888 -0.276241 -0.436716 0.099556 -0.00578122 0.200504 -0.122742 -0.03247 
1.52782 -0.43967 -0.482104 0.610064 -0.703648 0.214036 0.556453 -0.470651 
1.38234 -0.402184 -0.114526 -0.023884 -0.0211309 -0.562662 1.08256 -0.603708 
1.41395 -0.66208 0.24795 -0.324834 0.396475 -0.341422 0.166418 -0.120344 
1.23321 -0.474956 0.0284987 0.0989014 -0.205158 0.0897561 -0.0876493 0.0735044 
1.38854 -0.523348 0.000805974 -0.096425 0.12379 0.0150121 -0.233001 0.102914 
1.76327 -1.68673 1.6388 -1.61814 1.28111 -0.722126 0.404381 -0.296762 
1.63642 -0.740523 0.0599443 -0.147557 -0.135929 0.200144 0.229077 -0.268241 
1.44589 -0.349944 -0.414996 0.0440671 0.391197 -0.571026 0.551107 -0.254367 
1.07741 -0.0714872 -0.0118267 -0.317324 0.0344633 0.378986 -0.201878 -0.17695 
1.31114 -0.418885 0.0143391 -0.137037 -0.0619161 0.244773 -0.00165677 -0.226357 
1.49028 -0.763169 0.139675 0.0620946 -0.313881 0.555546 -0.410538 -0.00428618 
0.982338 -0.0200186 -0.173644 -0.0758238 0.058732 -0.25103 0.209929 0.0177955 
1.29461 -0.157333 -0.672088 0.320383 0.236489 -0.229354 -0.218366 0.253261 
1.46211 -0.711485 0.192957 -0.154421 0.197198 -0.34601 0.294266 -0.123214 
1.47958 -0.732889 0.0421032 0.261821 -0.578147 0.719045 -0.342261 -0.124047 
1.18479 -0.212345 -0.490665 0.48202 -0.165217 -0.367632 0.270769 -0.0273866 
1.43772 -0.86317 0.499826 -0.393966 0.198359 -0.0227011 0.0628281 -0.216293 
0.864389 0.0540658 -0.0733284 -0.0859417 0.0972043 0.1612 -0.414241 0.0960593 
1.19271 -0.438117 0.00737703 0.107092 -0.341816 0.280883 -0.159624 0.129172 
1.37749 -0.646914 0.168961 -0.133391 -0.0012398 0.26188 -0.32914 0.0293878 
1.21978 -0.354467 -0.087359 -0.162972 0.438801 -0.439273 -0.023622 0.216777 
1.33792 -0.356967 -0.151705 -0.166932 0.465412 -0.14957 -0.354155 0.166825 
0.970616 0.303322 -0.503918 -0.202235 0.251789 0.175687 -0.0520249 -0.25978 
1.41663 -0.476715 -0.359456 0.439815 -0.365112 0.473521 -0.347583 -0.0616951 
1.42989 -0.540034 -0.0824684 0.139248 -0.124885 -0.373667 0.726765 -0.410669 
1.73129 -0.887872 0.191965 -0.126996 -0.547699 0.767581 0.0041466 -0.298886 
1.40671 -0.538329 -0.210192 0.403814 -0.190124 -0.189563 0.295284 -0.241406 
1.49475 -0.492714 -0.302669 0.271621 -0.401897 0.150607 0.35885 -0.270824 
1.42908 -0.65215 0.0107443 0.0561178 0.0593568 -0.294021 0.44711 -0.359112 
1.45084 -0.732539 0.291717 -0.332467 0.241415 0.0274899 -0.19712 0.0183051 
1.64644 -0.685163 -0.305343 0.510149 -0.61465 0.225869 0.419994 -0.372598 
1.35564 -0.130577 -0.543056 0.138819 0.0888883 -0.139925 0.368492 -0.285751 
1.7915 -1.40048 0.979772 -1.00331 0.928358 -0.726101 0.456451 -0.204831 
1.56694 -0.480389 -0.359869 0.106855 -0.115002 0.253148 -0.0605858 -0.0705676 
1.51925 -0.498026 -0.0105175 -0.289817 -0.0827363 0.298111 0.152703 -0.251053 
1.14347 -0.309816 -0.0217345 -0.00608992 -0.260114 0.284059 -0.324616 0.223235 
1.12355 -0.145309 -0.393574 -0.0402152 0.284064 -0.283626 0.0443075 -0.0197602 
1.31527 -0.550108 0.309888 -0.383785 0.119071 -0.0503345 0.368829 -0.401208 
1.40213 -0.48701 -0.00435219 -0.186624 0.188133 -0.160011 0.137686 -0.0856822 
0.753159 -0.0625725 0.198587 -0.197142 0.0287485 -0.0607536 0.0397306 -0.161415 
1.05474 -0.281133 -0.0315702 -0.134946 -0.00221988 0.0219769 -0.230748 0.112689 
1.75009 -0.928471 0.0440424 0.174564 -0.59058 0.606667 0.0411775 -0.265165 
1.52167 -0.907111 0.392707 -0.105894 0.0486089 -0.0691306 -0.209606 0.142786 
1.48016 -0.877867 0.465009 -0.362013 0.246808 -0.324122 0.528561 -0.425204 
0.803995 0.446495 -0.469999 -0.462924 0.284657 0.214642 -0.360912 0.157164 
0.99827 -0.603195 0.0303046 0.197994 -0.569143 0.267554 -0.316734 0.0393441 
1.35692 -0.459382 -0.162629 0.0524134 0.171146 -0.248432 0.320173 -0.31146 
1.85581 -1.15549 0.658946 -1.10975 0.760597 0.046235 -0.00113945 -0.182042 
1.29171 -0.367234 -0.323412 0.295954 0.0113842 -0.184069 -0.0993372 0.193657 
1.51067 -0.856736 0.487715 -0.495759 0.307526 -0.208372 0.177707 -0.114504 
1.49769 -0.364875 -0.341805 0.107004 -0.189708 -0.147633 0.883231 -0.645157 
0.863542 -0.0899321 0.0309766 -0.0397951 0.036617 -0.158732 0.00112376 -0.066226 
1.46424 -0.589907 -0.299986 0.498808 -0.316157 -0.247971 0.566182 -0.264869 
1.16638 -0.261351 -0.19266 0.105126 -0.170923 0.0550246 -0.00797531 0.0823871 
0.895645 -0.467976 0.202995 -0.252606 -0.156249 0.154493 -0.128417 -0.214903 
0.657073 -0.0544497 -0.115576 -0.100168 0.0545172 0.0575803 -0.339708 0.0260188 
1.16466 -0.295611 0.082994 -0.171919 0.0913964 0.019437 -0.0889373 -0.0653465 
1.58179 -0.926669 0.29925 -0.196712 0.0926186 0.218182 -0.286557 -0.0263509 
1.10509 -0.313736 -0.290193 0.217376 -0.159991 -0.210764 0.354474 -0.307793 
1.40483 -0.4423 0.0720925 -0.217688 -0.335607 0.442154 0.123348 -0.252247 
1.38042 -0.479272 0.0293047 -0.147669 -0.190972 0.298194 0.0591472 -0.136265 
1.43832 -0.540819 -0.0152998 -0.122175 -0.0423289 0.432995 -0.48509 0.115019 
1.3353 -0.0746616 -0.347217 -0.0416001 -0.422288 0.254951 0.737946 -0.640715 
1.5037 -0.506923 -0.39136 0.484449 -0.127255 -0.217623 0.177356 -0.0995947 
1.58005 -0.467828 -0.780196 0.914577 -0.246783 -0.146135 -0.0280932 0.0280375 
1.36224 -0.475081 0.141578 -0.352799 -0.0692522 0.468418 -0.209637 -0.0371469 
1.43417 -0.506894 -0.0509514 -0.0368453 -0.105766 0.0792597 0.140878 -0.146299 
0.781415 -0.0260256 0.191685 -0.103621 0.0292395 -0.497135 0.0558354 0.206994 
0.924366 -0.0200906 -0.0121994 -0.132569 -0.0451437 0.191143 -0.192696 -0.0838315 
1.29791 -0.279187 -0.0846372 -0.230458 -0.113547 0.271162 -0.0130201 -0.0501429 
2.01696 -1.87017 1.60966 -1.47646 0.722848 -0.258494 0.40882 -0.305408 
1.46989 -0.605957 0.0748777 -0.19608 0.211095 -0.342906 0.411624 -0.22003 
1.44413 -0.653107 0.326319 -0.665303 0.508198 0.0258606 -0.115521 -0.124418 
1.52757 -0.89935 0.972155 -1.45861 0.944312 -0.54915 0.661139 -0.408304 
1.31349 -0.292503 -0.282596 -0.0217756 0.112923 -0.113124 0.0015623 0.0462386 
1.17096 -0.510252 0.472091 -0.51798 0.4689 -0.248735 0.0053319 -0.107198 
1.40024 -0.214734 -0.794086 0.663056 0.0275136 -0.48246 0.31989 -0.103827 
1.38008 -0.669225 0.228076 0.08362 -0.27219 0.30467 -0.531122 0.301677 
1.46705 -0.537384 0.351456 -0.780866 0.148525 0.184183 0.342597 -0.369101 
1.24706 -0.422728 0.129882 -0.345898 0.265051 -0.0452964 0.113657 -0.271638 
1.49779 -0.830124 0.270363 -0.116143 0.0292444 -0.157428 0.41919 -0.384494 
1.02808 -0.181486 -0.327961 0.0920908 -0.0223701 -0.0652454 -0.0898598 -0.013975 
1.6345 -0.8405 0.140948 -0.144245 0.204275 -0.584957 0.821753 -0.420188 
1.50166 -0.598014 -0.165171 0.113244 0.275753 -0.358471 0.0368629 0.0222413 
1.56619 -0.674147 -0.276587 0.400316 0.149825 -0.7766 0.65562 -0.229211 
1.83722 -1.56707 1.09272 -0.840619 0.644822 -0.489038 0.221789 -0.0819332 
1.13218 -0.25213 -0.111953 0.111744 -0.28158 0.301316 -0.214676 -0.0137412 
1.23786 -0.608078 -0.0513559 0.114199 -0.0238915 -0.39221 0.373993 -0.181005 
1.57951 -0.677155 0.167793 -0.437211 0.158556 -0.228217 0.723196 -0.501736 
0.956546 -0.0145845 -0.384786 -0.00570699 0.229132 -0.274877 -0.054113 0.116005 
1.89146 -1.61297 1.00982 -0.640083 0.412894 -0.209774 0.0147092 -0.0245274 
1.54419 -0.387054 -0.490506 0.138697 0.179726 -0.285519 0.403305 -0.25842 
1.79511 -1.23374 0.305343 0.245777 -0.549751 0.598338 -0.425451 0.0959619 
1.55692 -1.20206 0.882405 -0.865792 0.546195 -0.376004 0.15087 0.0105497 
1.63046 -0.927032 0.535305 -0.719841 0.0951561 0.340572 -0.0198011 -0.131446 
1.24963 -0.579845 0.290704 -0.238582 -0.0504418 0.080463 -0.108037 0.142776 
1.52163 -0.556229 0.0175554 -0.206958 -0.0830294 -0.0185541 0.610545 -0.484284 
1.88345 -1.37126 0.629472 -0.311442 -0.089517 0.123125 0.168574 -0.177655 
1.03872 -0.112922 -0.303777 0.222165 -0.308547 -0.0344665 0.197796 -0.0886768 
1.41097 -0.547404 0.110884 -0.143361 -0.0187448 -0.175074 0.439247 -0.27813 
1.60251 -0.953099 0.526187 -0.722455 0.537316 -0.324129 0.306553 -0.162261 
1.43597 -0.585352 0.0663583 -0.181002 -0.0268073 -0.0300064 0.240606 -0.140898 
1.24767 -0.345855 -0.0299317 -0.227294 0.424231 -0.190908 -0.14864 0.00902825 
1.41473 -0.544477 0.0119254 -0.105009 0.22441 -0.500817 0.591054 -0.305034 
1.23014 -0.0442493 -0.0624771 -0.591399 0.0371685 0.278564 0.348777 -0.421989 
1.35618 -0.337888 -0.225018 0.0683421 0.081586 -0.527757 0.731854 -0.360466 
1.36345 -0.395664 -0.238164 0.293276 -0.347089 -0.0238438 0.474508 -0.368147 
1.4782 -0.390103 -0.319128 0.230832 -0.662311 0.531386 0.265755 -0.360284 
1.31945 -0.551217 0.300235 -0.421651 0.404917 -0.300294 0.226168 -0.218449 
0.933806 -0.21985 -0.0466207 0.00216377 -0.192905 0.237173 -0.33866 0.14763 
1.06402 -0.109397 -0.169927 0.0960027 -0.519263 0.267217 0.149248 -0.125442 
1.16104 -0.197447 -0.471088 0.120995 0.309015 -0.331962 -0.143068 0.230524 
1.55528 -1.03413 0.666484 -0.64678 0.623578 -0.50178 0.331764 -0.23698 
0.560953 -0.00395436 -0.171996 -0.0865528 -0.101851 0.159809 -0.242266 -0.191842 
1.38838 -0.267667 -0.223612 -0.133067 -0.0252203 -0.168573 0.761547 -0.545533 
1.75184 -1.02269 0.289889 -0.0908496 -0.434792 0.657266 -0.220704 -0.0874849 
1.19984 -0.550557 0.260778 -0.401953 0.0965847 -0.0877455 0.233175 -0.257877 
1.83971 -1.21085 0.461047 -0.470454 0.486858 -0.627167 0.829759 -0.485799 
1.19096 0.186385 -0.529778 -0.421688 0.358782 0.334735 -0.340261 0.0687262 
1.41662 -0.672918 0.222779 -0.277126 0.267817 -0.0618197 -0.142733 0.00836973 
1.24787 -0.522673 0.00421067 0.20018 -0.350805 0.266143 -0.265278 0.230352 
1.34155 -0.362276 0.0206616 -0.612537 0.563663 -0.0710675 0.016715 -0.0650774 
1.3741 -0.108509 -0.754174 0.241828 0.604502 -0.609438 -0.0138034 0.114554 
1.41996 -0.726291 0.311701 -0.176181 0.0949615 0.146528 -0.356646 0.0697967 
1.72877 -1.10494 0.475625 -0.326576 0.0710153 -0.203468 0.544852 -0.369812 
1.92871 -1.50077 0.587854 -0.387811 0.904415 -1.11061 0.587381 -0.172096 
1.36342 -0.537206 0.138243 -0.285073 0.0850641 -0.202849 0.388277 -0.184126 
1.2971 0.0133814 -0.379029 -0.236551 -0.146876 0.407728 0.219677 -0.363858 
1.32255 -0.555974 -0.0304955 0.0766079 0.030734 -0.322377 0.369825 -0.0900408 
1.67568 -0.961811 0.41551 -0.310405 -0.292449 0.432644 0.0962542 -0.231505 
1.09218 -0.137165 -0.107658 -0.106798 -0.129621 0.276985 0.0916266 -0.357214 
1.63182 -0.599427 -0.363262 0.121352 0.0741353 -0.116885 0.241668 -0.148941 
1.31936 -0.331735 -0.14614 0.0763415 -0.184301 0.115504 0.0664753 -0.121461 
1.42211 -0.521886 -0.225019 0.475509 -0.395413 0.15458 -0.146927 0.0529635 
1.34226 -0.681349 0.572102 -0.840466 0.689356 -0.412507 0.387804 -0.342183 
1.34508 -0.142997 -0.50072 0.298773 -0.383812 0.0288633 0.597225 -0.457091 
1.50218 -0.589304 -0.0851912 0.120987 -0.281434 0.0339717 0.395651 -0.305482 
1.39483 -0.562431 0.0384068 -0.0197401 0.0834663 -0.303199 0.327375 -0.159657 
1.38728 -0.763994 0.402467 -0.362981 0.176508 -0.0693081 0.22337 -0.320971 
1.64802 -0.732283 0.121718 -0.317896 -0.0412942 0.0473336 0.569421 -0.485969 
1.50006 -1.06163 0.848317 -0.823008 0.596162 -0.263693 0.139197 -0.215406 
1.68444 -0.896614 0.270078 -0.284393 -0.061122 0.110165 0.31635 -0.31311 
0.842776 0.159821 -0.203439 -0.0949374 -0.107723 0.0151293 0.175365 -0.0944043 
1.50851 -0.689093 -0.00596777 0.137986 -0.355954 0.392279 -0.073494 -0.168263 
1.37502 -0.574407 0.209276 -0.340571 0.261605 0.0254146 -0.138464 -0.0529792 
1.48309 -0.770721 0.250835 -0.124775 -0.0953795 0.290509 -0.220068 -0.0417144 
1.41369 -0.0209069 -1.01892 0.380776 0.214428 -0.262197 0.22136 -0.12749 
1.35983 -0.562833 0.0935771 -0.367945 0.568901 -0.514817 0.481866 -0.300123 
1.61471 -0.544207 -0.572669 0.175822 0.936019 -1.07119 0.235705 0.0800004 
1.33629 -0.249375 -0.110875 -0.196434 -0.150371 0.211063 0.222867 -0.25403 
1.57705 -0.891806 0.169577 0.23315 -0.28672 0.0189972 0.0834537 -0.0778508 
0.995879 -0.320555 -0.0252512 -0.151675 0.300926 -0.445036 0.11752 -0.0192229 
1.30192 -0.495042 -0.152745 -0.0408746 0.334795 -0.181976 -0.211828 0.244099 
1.31978 -0.527812 0.0149926 -0.166713 -0.196026 0.744155 -0.874943 0.312311 
1.14446 -0.31118 0.200797 -0.322501 0.0627943 -0.0898637 0.270841 -0.292258 
1.30332 -0.506999 0.19665 -0.344454 0.379962 -0.374473 0.181193 -0.0636532 
0.914218 -0.393797 0.338036 -0.283146 -0.0231936 0.119347 -0.284108 0.16581 
1.33807 -0.341089 -0.179337 0.0555765 0.0335934 -0.208686 0.212018 -0.0999513 
1.14414 -0.0171898 -0.632576 0.542994 -0.245821 -0.0337499 0.197203 -0.244832 
1.68756 -1.06781 0.737561 -1.03627 0.751733 -0.279608 0.218083 -0.184257 
1.35343 -0.627826 0.246964 -0.205577 0.0207401 -0.103124 0.393957 -0.387012 
1.1933 -0.274618 -0.272669 0.206812 -0.194415 -0.153412 0.198238 -0.0290047 
1.19758 -0.553356 0.500142 -0.611592 0.26688 -0.294562 0.293452 -0.0353029 
1.42203 -0.305901 -0.437796 0.315346 -0.334951 -0.0372213 0.609434 -0.441909 
1.54991 -0.328088 -0.559696 0.0664416 0.253449 -0.188814 0.285193 -0.236173 
1.64305 -0.757078 -0.330468 0.526087 -0.19992 0.181808 -0.398548 0.16571 
0.800507 -0.0760649 -0.0642037 -0.0790148 0.105692 -0.0681532 -0.206335 0.105972 
1.61396 -0.800967 -0.0135303 0.2535 -0.0920501 -0.269712 0.215268 -0.0453634 
1.32044 -0.496359 0.117755 -0.211525 0.236369 -0.404956 0.413702 -0.210004 
1.79147 -0.886977 -0.301097 0.580264 -0.464857 0.125106 0.224772 -0.201305 
1.45325 -0.73066 0.194474 -0.238493 0.273623 0.0354447 -0.112332 -0.148342 
0.867183 -0.0144261 0.106417 -0.118886 -0.0129004 -0.019604 -0.0248975 -0.056971 
1.87125 -1.72112 1.47396 -1.43878 1.28799 -1.02461 0.528615 -0.145737 
1.38852 -0.61428 -0.187699 0.735284 -0.853361 0.482818 0.0446197 -0.288437 
1.5099 -0.491968 -0.283155 0.23774 -0.15754 -0.313112 0.794135 -0.509462 
1.63989 -0.684626 -0.240674 0.00966465 0.373032 -0.0999477 -0.285525 0.119222 
1.04635 -0.0928479 -0.0486664 -0.238657 0.29646 -0.186118 -0.0337049 -0.0501509 
1.33179 -0.753554 0.39028 -0.284647 0.218793 -0.143794 0.054329 -0.148469 
0.790569 -0.182844 -0.057297 0.179442 -0.309606 0.123868 -0.226638 0.113412 
1.05898 -0.0758043 -0.333448 -0.0788699 0.353826 -0.139595 -0.540747 0.473325 
1.24883 -0.352738 -0.0765371 -0.136443 0.275643 -0.221168 0.134692 -0.181266 
1.36174 -0.789205 0.271792 -0.120567 -0.217499 0.222915 -0.0765744 -0.0997157 
1.4873 -0.74988 0.13414 0.112939 -0.21232 0.472012 -0.728345 0.294913 
1.33371 -0.508409 0.102218 -0.208398 -0.130774 0.244654 -0.127426 0.0770397 
1.20356 -0.195564 -0.181842 -0.0964312 0.0120625 0.360584 -0.356048 -0.0150578 
1.23548 -0.379497 -0.026362 0.0297378 -0.247291 0.397482 -0.13805 -0.176236 
1.31681 -0.405681 0.0109684 -0.406631 0.63735 -0.275683 -0.0658901 -0.0725552 
1.31568 -0.456111 0.0933385 -0.433756 0.581193 -0.485362 0.486746 -0.412219 
1.39288 -0.452737 0.0382788 -0.212688 0.13622 -0.475528 0.805931 -0.45827 
1.01016 -0.306642 -0.0842879 -0.134768 0.161903 -0.381425 0.210796 -0.0805301 
1.58581 -0.611821 -0.294426 0.189376 0.198784 -0.616345 0.727074 -0.372525 
1.79144 -1.56158 1.25496 -1.03178 0.539297 0.0169648 -0.157043 -0.0555909 
1.4253 -0.663821 0.097398 0.0586158 -0.439257 0.421779 -0.208918 0.107219 
1.99759 -1.58642 0.439374 0.136285 0.261461 -1.01718 1.05853 -0.458994 
1.45449 -0.515424 0.0410663 -0.33732 0.0839304 0.241481 -0.115112 -0.0124054 
1.33262 -0.605705 0.324028 -0.375049 0.0311935 0.106047 0.00434122 0.00645937 
1.40984 -0.606495 -0.0761355 0.497123 -0.479689 0.140799 -0.124081 0.0502674 
1.50606 -0.803895 0.317949 -0.442063 0.558499 -0.440135 0.325515 -0.267777 
1.72467 -1.03871 0.570437 -0.676761 0.181948 0.178378 0.119849 -0.228979 
1.10516 -0.229625 0.0836743 0.0213953 -0.175498 0.213782 -0.246029 0.023045 
1.62558 -0.906574 0.274931 -0.324588 0.253643 0.303619 -0.703671 0.313926 
1.47962 -0.52769 0.0473216 -0.321432 0.0717601 0.0325647 0.30577 -0.280792 
1.37998 -0.632999 0.222442 -0.316202 0.130089 0.39645 -0.434432 -0.0114851 
1.65124 -0.817671 0.324153 -0.643858 0.228837 0.379813 -0.164526 -0.118018 
1.4178 -0.713542 0.0552206 0.0238673 -0.110403 0.548376 -0.968702 0.558728 
1.41665 -0.285213 -0.202659 -0.043711 -0.489971 0.516545 0.3136 -0.409039 
1.36615 -0.235015 -0.53676 0.217779 0.0626384 -0.16219 0.0872935 0.0195569 
1.39284 -0.3363 -0.0168316 -0.281265 -0.276169 0.421339 0.237465 -0.352482 
1.5186 -0.401884 -0.545583 0.121458 0.65235 -0.656396 0.121662 0.0160097 
1.59582 -1.087 0.648311 -0.426537 0.0350781 0.363862 -0.358443 0.0014491 
1.13645 -0.431014 0.0943542 -0.0963386 0.0666989 -0.122097 -0.203836 0.329739 
1.25506 -0.722574 0.584941 -0.900045 0.81287 -0.517124 0.0986749 -0.00249282 
1.19215 -0.0567142 -0.172593 -0.397684 0.179225 0.203089 0.0367971 -0.170433 
0.884261 -0.165316 -0.25051 0.0366278 -0.000538098 -0.169577 0.00481221 -0.0333568 
1.17682 -0.150688 -0.190887 -0.00420566 0.0886907 -0.195963 0.199737 -0.129104 
1.5421 -0.568862 -0.165699 0.224527 -0.566315 0.502391 0.162524 -0.329321 
1.38113 -0.394197 -0.219041 0.0310037 0.261224 -0.69818 0.843183 -0.437647 
1.24404 -0.234437 -0.16139 -0.0914856 0.21359 -0.119716 -0.0711126 0.0422242 
1.25012 -0.28494 -0.108438 -0.193445 0.277161 0.041807 -0.345728 0.126314 
1.35747 -0.796125 0.655023 -0.858841 0.72283 -0.365438 0.259139 -0.318841 
1.4916 -0.301185 -0.471875 0.202114 -0.283732 0.24301 0.330404 -0.387098 
1.32581 -0.21769 -0.130022 -0.225468 -0.186177 0.217531 0.379157 -0.375643 
1.42728 -0.280538 -0.392593 0.211376 -0.394772 0.287301 0.327031 -0.386512 
1.27436 -0.185044 -0.426743 0.379124 -0.241187 -0.156257 0.426062 -0.294317 
1.66717 -1.14542 0.652593 -0.505578 0.165196 0.204865 -0.161338 -0.0881727 
1.30417 -0.23761 -0.399369 0.35244 -0.0873031 -0.509359 0.663601 -0.282184 
1.43832 -0.281086 -0.337007 -0.12031 0.203169 -0.297111 0.639542 -0.446421 
1.52321 -0.733681 0.129463 -0.228074 0.177526 0.326297 -0.641214 0.247507 
0.861742 0.110258 -0.187409 0.0891527 -0.0449806 -0.0271906 -0.18338 0.0636204 
1.22727 -0.580715 0.319125 -0.287248 0.01946 0.168151 -0.479343 0.391718 
1.51024 -0.437503 0.024379 -0.507957 0.202525 -0.23996 0.87279 -0.581506 
1.6284 -0.681947 -0.10946 0.0835773 -0.408209 0.623094 -0.2535 -0.0397126 
1.39828 -0.55586 0.070537 -0.224451 0.22934 0.0582643 -0.123961 -0.0898659 
1.18975 -0.226164 -0.248477 0.102878 -0.201904 -0.0739319 0.287974 -0.126656 
1.56796 -0.825596 0.409941 -0.542747 0.255743 -0.228233 0.55559 -0.412223 
1.38651 -0.355207 -0.307611 0.212665 -0.0393434 -0.235051 0.348031 -0.203174 
1.31743 -0.555581 0.273861 -0.438669 0.462651 -0.203054 0.00607639 -0.119184 
1.69553 -0.881071 0.0850205 0.198314 -0.808718 0.905118 -0.240223 -0.111851 
1.49842 -0.590966 -0.247926 0.130165 0.298582 -0.315071 -0.00146565 0.014612 
1.26681 -0.29919 -0.210847 0.0531686 0.12618 -0.0478782 -0.19027 0.0538627 
1.51107 -0.693302 0.0978817 -0.163414 0.111553 0.174603 -0.327112 0.0855182 
0.828744 -0.0580714 -0.104723 -0.263055 0.140123 -0.0754602 -0.0499108 -0.03001 
1.44767 -0.68659 0.188928 -0.026672 -0.315742 0.662143 -0.496251 0.00779249 
1.43732 -0.488376 -0.0220661 -0.0774506 -0.213484 0.05488 0.495766 -0.419613 
1.50034 -0.254994 -0.347462 -0.514785 0.637964 -0.166217 0.270398 -0.306814 
1.01037 -0.116832 0.0203913 -0.124146 -0.240574 0.0907894 0.148253 -0.0202462 
1.22276 -0.0343579 -0.354856 -0.140304 0.205021 -0.154304 0.177891 -0.124308 
1.17005 -0.391262 0.0624219 -0.0926002 -0.166876 0.118736 -0.116332 0.0959383 
1.30903 -0.305148 -0.319242 0.208582 -0.0600552 0.131886 -0.0286452 -0.185154 
1.11383 -0.30806 0.230723 -0.351559 -0.0622475 -0.0481857 0.17441 0.026186 
1.56863 -0.563715 -0.307047 0.143506 0.208101 -0.509893 0.597967 -0.316221 
1.4931 -0.930745 0.643955 -0.515309 0.117526 0.33067 -0.347149 -0.0124728 
0.688069 -0.238982 -0.0849133 -0.287805 -0.0409172 0.144912 -0.486217 0.0546115 
1.61672 -0.66603 -0.31212 0.393869 -0.216525 -0.103776 0.454948 -0.314321 
1.43557 -0.412948 -0.11373 -0.0683317 -0.290387 0.352819 0.140869 -0.243253 
1.40573 -0.300222 -0.227725 -0.0586373 -0.0622463 -0.0758279 0.49435 -0.362514 
1.01349 -0.0552068 -0.27092 -0.2005 0.233626 -0.147637 -0.132399 0.0755044 
1.72811 -1.31851 0.944844 -0.901314 0.763282 -0.421217 0.112899 -0.0828979 
1.56207 -0.732195 0.058092 0.0346305 -0.182386 0.00344537 0.330036 -0.267138 
1.10309 -0.241363 0.0124831 -0.115239 -0.265691 0.554281 -0.377303 -0.0708635 
1.36252 -0.537648 0.119575 -0.21272 0.243192 -0.519333 0.661855 -0.358261 
1.38726 -0.749329 0.00585329 0.111505 -0.138346 0.12471 -0.327848 0.162789 
1.11498 -0.277209 -0.248649 0.223273 -0.17956 -0.0177425 -0.182405 0.194082 
1.42629 -0.434294 -0.0527694 -0.0981273 -0.187708 -0.0709621 0.695848 -0.498858 
1.63881 -0.589235 -0.400718 0.455096 -0.580213 0.353948 0.339189 -0.387819 
1.46381 -0.345307 -0.410394 0.0390582 -0.0230345 0.133814 0.081086 -0.124644 
1.87527 -1.89364 1.71229 -1.41329 0.839299 -0.424008 0.356809 -0.305288 
1.6883 -0.965865 0.345262 -0.153398 -0.498579 0.714339 -0.16694 -0.139795 
1.36097 -0.0992591 0.0319545 -0.985332 0.324891 0.254108 0.467321 -0.53711 
1.06973 -0.412556 0.181125 -0.179388 -0.161548 0.0172115 -0.06248 0.0605655 
1.64272 -0.690461 -0.736444 1.39032 -1.03165 0.0139319 0.559576 -0.363915 
1.54009 -0.675534 0.198477 -0.374203 0.172155 -0.195665 0.539082 -0.389144 
1.68602 -0.859039 -0.0285396 0.208604 -0.138223 -0.557174 1.13206 -0.643846 
1.56541 -0.679283 0.279684 -0.617682 0.360164 -0.304473 0.725967 -0.518949 
1.17878 -0.0425996 -0.286766 -0.136017 0.0232451 -0.000788299 0.345633 -0.296631 
1.37662 -0.379423 -0.460507 0.442121 -0.0282073 -0.035017 -0.239259 0.106689 
1.43798 -0.501365 0.168707 -0.384132 0.00480563 -0.0366721 0.430073 -0.304558 
1.47889 -0.647481 -0.227293 0.579484 -0.654106 0.298966 0.102635 -0.0943289 
1.23025 -0.187424 -0.369916 0.121645 0.125923 0.143616 -0.353831 0.0320566 
1.55966 -0.705676 0.0994299 -0.17189 -0.00540727 -0.0995012 0.433258 -0.32503 
1.23143 -0.083487 -0.290668 0.00501101 -0.259157 0.0812399 0.449867 -0.35243 
1.3611 -0.649104 0.419323 -0.639444 0.486996 -0.241821 0.220831 -0.268043 
1.33631 -0.677796 0.00575439 0.249204 -0.489206 0.59411 -0.685552 0.359573 
1.09051 -0.0732162 -0.331956 -0.00780492 0.0479282 0.180516 -0.438848 0.274473 
1.5995 -0.610647 -0.190237 0.0077017 0.257055 -0.56129 0.681078 -0.357989 
1.46787 -0.590663 -0.117196 0.341328 -0.525433 0.498221 -0.283037 -0.000216394 
1.69702 -1.05819 0.532784 -0.499351 0.0702153 0.271914 -0.0743772 -0.119992 
1.48389 -0.494321 -0.264476 0.302085 -0.192868 -0.432555 0.926746 -0.551674 
1.63815 -0.903376 0.303922 -0.203145 -0.171358 0.356533 -0.0528726 -0.142712 
1.45131 -0.71905 0.455824 -0.874386 0.878923 -0.433333 0.175095 -0.194396 
1.66603 -1.28562 1.03754 -1.07939 0.648924 -0.374049 0.295941 -0.101438 
1.20781 -0.300361 -0.160416 0.0720485 0.019577 -0.0846666 0.296641 -0.379139 
1.44497 -0.457212 0.0240908 -0.269944 -0.0249455 -0.0497295 0.527832 -0.395358 
1.53278 -0.787071 0.16599 0.000879281 -0.199729 0.00679102 0.283278 -0.225003 
1.4393 -0.685618 0.0660568 0.0990535 -0.228182 0.27861 -0.158255 -0.0759346 
1.5173 -0.567899 0.124943 -0.824274 0.635453 0.199361 -0.347761 0.0766347 
1.24902 -0.20574 -0.239932 0.0297753 -0.282456 0.369221 0.0567247 -0.173224 
0.929039 -0.410994 0.261225 -0.113847 -0.35342 0.513984 -0.559595 0.241935 
1.43465 -0.340506 -0.365812 0.0447069 0.0149106 -0.136166 0.361466 -0.199165 
1.7498 -0.998984 -0.0492534 0.157091 0.47937 -0.978571 0.767737 -0.306099 
1.74009 -0.873386 -0.00450625 -0.105853 0.362364 -0.854546 1.18403 -0.625468 
1.41766 -0.515058 0.166546 -0.513941 0.235712 0.148792 -0.0377207 -0.0576208 
1.68841 -0.911334 0.19265 -0.0376674 -0.335531 0.506943 -0.126331 -0.128161 
1.17252 -0.463446 0.0332209 0.0157646 -0.280696 0.293708 -0.31772 0.185656 
1.53934 -0.508893 -0.272769 0.0984333 0.0733783 -0.351356 0.638723 -0.388968 
1.64158 -0.685859 0.155697 -0.83041 0.634796 0.387829 -0.586772 0.18194 
1.65281 -0.861604 0.0671938 -0.0717635 0.158769 0.0449069 -0.282603 0.121351 
1.42111 -0.391987 -0.169513 0.0143508 -0.386639 0.452415 0.0577409 -0.203493 
1.25658 -0.31514 -0.0268377 -0.229056 -0.124387 0.205434 0.0454004 -0.0794597 
1.48818 -0.710351 0.0283743 0.130927 -0.185035 0.294116 -0.31681 0.0429284 
1.25561 -0.448203 0.120128 -0.197432 0.0998315 0.0501678 -0.263325 0.0976788 
1.48107 -0.734712 0.0232185 0.290457 -0.42899 0.535766 -0.490905 0.107743 
1.72908 -1.01582 0.380023 -0.351965 -0.115338 0.554993 -0.301747 -0.024014 
1.4931 -0.702467 0.19808 -0.29821 0.457844 -0.529637 0.387755 -0.187006 
0.963759 -0.242238 -0.135107 0.163377 -0.326084 0.15619 -0.25145 0.235969 
1.33107 -0.251252 -0.222556 0.0138556 -0.237997 0.0798206 0.405347 -0.335214 
1.27652 -0.526018 0.347809 -0.509842 0.0378287 -0.0314961 0.260513 -0.125169 
1.67375 -0.968691 0.474847 -0.424413 -0.179708 0.353233 0.247265 -0.361536 
1.56829 -1.008 0.38705 -0.399352 0.555224 -0.475567 0.0303084 0.094012 
1.35082 -0.472076 0.0483332 -0.164084 0.195912 -0.544559 0.783572 -0.453396 
1.56196 -0.519114 -0.465412 0.16691 0.551561 -0.86185 0.625303 -0.199922 
1.27102 -0.0405159 -0.490502 -0.0109524 0.20279 -0.0837253 0.156514 -0.175434 
1.39988 -0.601989 0.138867 -0.188459 0.210544 -0.526668 0.639598 -0.313145 
0.797957 0.104591 -0.00568738 -0.0462129 -0.13402 -0.207997 0.19184 -0.0568325 
1.35893 -0.770108 0.348865 -0.369805 0.304826 0.0644839 -0.502271 0.317736 
1.64236 -1.03013 0.511424 -0.419544 0.334334 -0.600473 0.773916 -0.416022 
1.32038 -0.330412 -0.188244 0.0867299 -0.220462 0.0825818 0.215769 -0.201301 
0.690291 -0.241265 -0.229615 -0.0529143 -0.222452 0.217887 -0.581286 0.0540048 
1.73164 -0.93614 -0.0523418 0.300946 -0.171634 -0.170783 0.402061 -0.257365 
1.1995 -0.126741 -0.0134653 -0.33785 -0.0926341 0.37164 -0.039483 -0.16605 
1.438 -0.611108 0.282967 -0.362126 0.0692595 -0.104631 0.426654 -0.334039 
0.920662 -0.13696 0.122905 -0.167602 0.0310049 -0.11041 0.0249736 -0.0780299 
0.853601 -0.289734 0.0727884 -0.100298 -0.106339 0.386421 -0.446608 -0.0190869 
1.24796 -0.683519 0.346794 -0.0899734 -0.187924 0.222314 -0.44393 0.323982 
1.42771 -0.478361 -0.237194 0.404545 -0.473617 0.0743434 0.311796 -0.231948 
1.05175 -0.395139 0.215635 -0.345301 0.25076 -0.20248 -0.0448078 0.085613 
1.52043 -0.732026 0.0653376 0.134721 -0.232591 -0.208185 0.569449 -0.336306 
1.70384 -1.13615 0.216906 0.4264 -0.891165 1.05694 -0.631541 0.0117885 
1.05103 -0.276781 0.216248 -0.376802 0.321139 -0.276822 0.0222249 -0.0262554 
1.14485 -0.0250173 -0.441902 0.056285 0.388644 -0.272637 -0.306542 0.223369 
1.4874 -1.25206 0.97202 -0.944991 0.747578 -0.529072 0.0821201 0.0799312 
1.56098 -0.413751 -0.621187 0.676572 -0.558801 0.0805698 0.511773 -0.406395 
1.53137 -0.625248 0.143645 -0.289182 -0.212934 0.432643 0.076803 -0.237814 
1.28881 0.291479 -0.67411 -0.543482 0.424567 0.0343072 0.370426 -0.355706 
1.22192 -0.269808 -0.250545 0.0785122 0.150745 -0.399843 0.309441 -0.0216783 
1.28907 -0.291237 -0.0785489 -0.132936 -0.133142 0.401687 -0.259402 -0.0184072 
1.61936 -0.567212 -0.254348 -0.058726 0.171518 -0.00846438 0.086292 -0.131776 
1.3099 -0.629367 0.0419458 0.0142958 0.08197 -0.579949 0.661625 -0.273967 
1.61834 -0.664994 -0.220488 0.0242934 0.178416 0.0535539 -0.117437 0.0114485 
1.66193 -0.696843 -0.258777 0.213781 -0.088797 -0.0211805 0.218515 -0.188779 
1.67309 -0.875752 0.060838 0.216432 -0.638149 0.781908 -0.390872 0.0205942 
1.57432 -0.740216 0.0600609 0.045075 -0.26788 0.112373 0.34807 -0.329648 
1.59545 -0.951811 0.156434 0.311404 -0.686209 0.79252 -0.441387 -0.0283162 
0.932999 -0.12964 -0.235661 0.0177298 -0.142942 -0.0252346 0.17066 -0.295867 
1.68412 -0.573215 -0.605165 0.300639 0.413829 -0.47306 0.297025 -0.190423 
0.810244 -0.422405 0.181363 -0.455967 -0.0142182 0.0923293 -0.206931 -0.184706 
1.61741 -1.10458 0.422619 -0.0183044 -0.0386259 0.0348203 -0.0689908 -0.0885005 
1.47343 -0.455002 -0.136949 -0.11654 -0.177309 0.467021 -0.10764 -0.155825 
1.33557 -0.325672 -0.024926 -0.35903 0.26371 -0.339313 0.667871 -0.438905 
1.48631 -0.915635 0.546554 -0.460372 0.150484 0.242028 -0.30922 -0.0028506 
1.459 -0.698746 0.130494 -0.0408598 -0.0752523 0.314902 -0.373631 0.0661608 
1.5591 -0.476131 -0.453637 0.392316 -0.141573 -0.543747 1.11919 -0.656998 
1.38825 -0.738063 0.23857 -0.267809 -0.112739 0.695749 -0.904121 0.445469 
1.22062 -0.250589 -0.25305 0.135868 0.201645 -0.342125 0.17396 -0.146865 
1.48418 -0.58841 0.211787 -0.359942 -0.115236 0.0271788 0.55018 -0.382872 
1.11802 -0.476859 0.0433965 -0.210337 0.234642 -0.442502 0.400783 -0.297947 
1.76874 -0.983636 0.0564646 0.10348 -0.178657 0.0494489 0.252562 -0.228792 
1.36686 -0.557347 0.411902 -0.813402 0.477638 -0.00323013 -0.0586761 0.0314566 
1.66504 -0.771348 0.0295496 -0.0727992 -0.156804 0.0211738 0.546155 -0.443715 
1.63 -0.767347 0.0474443 -0.067292 0.0469099 -0.533099 1.04895 -0.617553 
1.3301 -0.199405 -0.479983 0.20299 0.174553 -0.530589 0.548976 -0.25889 
1.47757 -0.246097 -0.498659 0.0619033 -0.107055 0.349799 -0.0471305 -0.153485 
1.62275 -0.65222 -0.0393399 -0.187623 0.187802 -0.394438 0.827309 -0.538671 
1.32676 -0.473487 -0.0388125 -0.170902 0.228732 -0.54033 0.602854 -0.231266 
1.54363 -0.778447 0.0433069 0.118259 0.106163 -0.407711 0.241132 -0.0497376 
1.75013 -1.30826 0.639791 -0.197355 -0.131411 0.303287 -0.312004 0.0860146 
1.38498 -0.406353 0.0146047 -0.29814 0.0557345 0.507163 -0.506559 0.0692466 
1.39297 -0.330357 -0.183769 0.0388493 -0.242511 0.122717 0.240384 -0.215035 
1.01287 0.0740434 -0.307106 0.0818007 -0.0228761 0.0644283 -0.0602609 -0.115359 
1.37315 -0.0909035 -0.310415 -0.383661 -0.0205886 0.428551 0.166437 -0.351764 
1.22252 -0.641275 0.41764 -0.423804 0.285607 -0.336807 0.0192597 0.153108 
1.10962 -0.162833 -0.571249 0.335149 0.0237204 -0.282368 0.0859902 -0.0580369 
1.44924 -0.391911 -0.297201 0.309745 -0.529267 0.182958 0.471362 -0.399743 
1.57984 -0.622574 -0.0247538 -0.243214 0.0981531 0.143716 0.105721 -0.21969 
1.61388 -0.628352 -0.0778143 -0.0626124 -0.0498148 -0.504959 1.34081 -0.84367 
1.27187 -0.179947 0.0174225 -0.650468 0.130714 0.235617 0.205239 -0.262033 
1.27217 -0.419758 -0.14409 -0.0803363 0.153486 0.0224386 -0.330339 0.155749 
1.05568 -0.329603 0.24074 -0.50234 0.275947 -0.154598 -0.0756737 0.148559 
1.81628 -1.28475 0.875325 -1.22246 1.0713 -0.633092 0.453752 -0.222006 
1.34461 -0.294719 -0.225486 0.0150863 0.0200994 -0.152866 0.348519 -0.256552 
1.81948 -0.96107 0.0639265 -0.352389 0.718482 -0.96324 1.05249 -0.544723 
0.762739 -0.128884 0.0388214 -0.29604 0.245939 -0.10538 -0.112569 -0.0478868 
1.89176 -1.35829 0.51838 -0.226368 -0.0434417 0.338792 -0.360285 0.124689 
1.31446 -0.526943 0.0550655 0.0545936 -0.225564 0.386387 -0.251068 -0.0840068 
1.4002 -0.337183 -0.329457 0.137305 -0.167001 0.172053 0.183406 -0.225449 
1.28681 -0.428104 -0.0579165 -0.218279 0.346536 -0.186572 -0.194415 0.164353 
1.18864 -0.11792 -0.462994 0.27405 -0.0903989 -0.0756539 0.347657 -0.391551 
1.39231 -0.667158 0.00914267 0.155451 -0.186846 0.116444 -0.201894 0.198453 
1.18342 0.0220969 -0.537172 0.103231 0.192297 -0.15449 0.122824 -0.182285 
1.39497 -0.643635 0.154056 -0.128623 0.145446 -0.341132 0.57102 -0.43939 
1.47828 -0.895949 0.47039 -0.432227 0.547575 -0.571158 0.290553 -0.154744 
1.29905 -0.354816 -0.25447 0.0887564 0.198841 -0.0228127 -0.335773 0.124865 
1.7 -0.799451 -0.240937 0.432027 -0.239951 -0.39336 0.837266 -0.469961 
1.33376 -0.375655 0.000735984 -0.146464 0.0107546 -0.123957 0.249654 -0.136804 
1.42436 -0.596978 0.125775 -0.319573 0.170898 0.160064 -0.181461 0.0667678 
1.32193 -0.426244 -0.0183828 -0.131086 0.176167 -0.202677 0.412461 -0.400059 
1.61883 -0.881383 0.278666 -0.284969 -0.0215373 0.234731 -0.081989 -0.0566333 
1.73746 -1.02043 0.338094 -0.198652 -0.377861 0.769395 -0.342092 -0.0715974 
1.33195 -0.0613486 -0.474192 -0.0542985 -0.0487348 0.0891754 0.353669 -0.330971 
1.53811 -0.522658 -0.241471 0.140094 -0.187876 0.047103 0.38297 -0.343424 
1.74044 -1.21889 0.416263 0.075621 -0.481528 0.730309 -0.541146 0.0714308 
1.40789 -0.347619 -0.310591 0.188147 -0.255267 -0.00396946 0.512319 -0.419906 
1.74129 -1.1254 0.10221 0.406971 -0.245911 -0.303937 0.467435 -0.242019 
1.53029 -0.315642 -0.686958 0.327012 0.159651 -0.0230769 -0.231363 0.0867037 
1.95546 -1.37375 0.476271 -0.421179 0.707733 -1.25312 1.41436 -0.666833 
1.47493 -0.487176 0.0386653 -0.30729 -0.0178062 -0.030839 0.643531 -0.527458 
1.55204 -0.937667 0.37214 -0.0220203 -0.37484 0.429593 -0.0323532 -0.220643 
1.54258 -0.777369 0.424381 -0.726418 0.66809 -0.512257 0.715066 -0.496224 
1.49351 -0.149921 -0.828431 0.0698086 0.611544 -0.611619 0.443014 -0.193295 
1.10812 -0.200568 -0.301398 0.119704 -0.0153943 0.202197 -0.55933 0.340546 
1.7784 -1.38299 0.61821 0.204892 -0.77595 0.870684 -0.65767 0.180513 
1.10958 -0.227477 -0.0575206 -0.325135 0.355531 -0.104318 -0.317875 0.266905 
1.50024 -0.657307 0.310452 -0.480411 0.176886 -0.328643 0.805702 -0.528826 
1.33673 -0.579848 0.12222 -0.0892514 -0.0670015 0.0234909 0.0463039 0.025907 
1.10523 -0.568878 0.00558051 0.0754303 -0.448951 0.507859 -0.419923 -0.0239943 
1.94253 -1.59371 0.510332 0.462127 -0.798841 0.409465 0.00360161 -0.111524 
1.59239 -1.09522 0.63722 -0.455421 0.200132 0.180448 -0.344349 0.0599664 
1.60184 -1.06673 0.739878 -0.903578 0.834773 -0.382112 0.0341317 -0.0753915 
1.39523 -0.552592 0.107047 -0.13835 -0.0689988 0.408415 -0.461032 0.108836 
1.54132 -0.423734 -0.292263 0.0141576 -0.137875 -0.113227 0.756083 -0.543682 
1.01789 -0.138672 0.0820128 -0.307757 0.434561 -0.4976 0.226026 -0.114314 
1.16892 -0.556318 0.218907 -0.313833 0.364695 -0.399271 0.137484 0.0564186 
1.59404 -0.575882 -0.291906 0.298924 -0.323882 -0.0920326 0.684629 -0.470713 
0.903593 -0.0782481 -0.257117 0.135674 -0.113238 0.222881 -0.319443 0.0312933 
1.4521 -0.59829 0.0167555 0.0176372 0.0116978 -0.276273 0.379231 -0.195205 
1.78649 -1.24032 0.460402 -0.374453 0.820065 -0.907371 0.344191 -0.0471768 
1.27961 0.046747 -0.739885 0.0342805 0.59681 -0.380926 0.0902397 -0.11383 
1.4688 -0.381602 -0.376146 0.33573 -0.365611 -0.172206 0.834877 -0.549833 
1.63952 -0.86795 0.169866 -0.082935 -0.0731099 -0.0113359 0.287197 -0.241612 
1.44662 -0.498847 -0.415215 0.224645 0.285866 -0.281388 -0.279182 0.308162 
1.66285 -0.93308 0.20792 -0.0262059 -0.243195 0.200069 0.136748 -0.183802 
1.66542 -0.793133 0.0708584 -0.0626741 -0.309218 0.392282 0.150662 -0.278248 
1.89342 -1.73561 1.61398 -1.67684 1.23029 -0.867053 0.718193 -0.35046 
1.36887 -0.554302 0.0851534 -0.0451015 0.0244253 -0.247892 0.419386 -0.285157 
1.99984 -1.62554 0.859357 -0.438887 -0.21889 0.665905 -0.405355 0.0337568 
1.10484 -0.392234 0.113879 -0.241554 0.106435 -0.115032 -0.0546241 0.141423 
1.17716 -0.458822 -0.112426 -0.15248 0.549051 -0.824856 0.404582 -0.0670548 
1.75389 -1.39409 0.957556 -0.998124 0.895244 -0.341201 -0.295355 0.309594 
1.08338 -0.190094 -0.165154 0.0244694 -0.187096 -0.0211574 0.168884 -0.0863524 
1.58082 -0.588228 -0.122494 0.194853 -0.886361 1.17395 -0.351255 -0.173758 
1.67334 -0.857531 0.223731 -0.206952 -0.262925 0.175251 0.512427 -0.455062 
1.6964 -1.19071 0.842845 -1.01262 0.856583 -0.405144 0.14235 -0.0463568 
1.30559 -0.332338 -0.22409 -0.0625455 0.341489 -0.143147 -0.200983 0.0509266 
1.19862 -0.205415 -0.162076 -0.140902 0.17817 0.186888 -0.321695 -0.0214922 
1.17699 -0.432536 0.0414893 -0.0786005 0.100446 -0.533899 0.478528 -0.073997 
0.816168 0.287453 -0.101306 -0.287394 -0.2102 0.317505 -0.0203067 -0.166156 
1.35007 -0.664056 0.267511 -0.155578 -0.0363061 0.184284 -0.1056 -0.117206 
1.74257 -1.19827 0.327583 0.0951923 0.0707481 -0.277716 0.126395 -0.0486269 
1.58872 -0.738551 0.279016 -0.543013 0.286197 -0.0913254 0.342014 -0.283547 
1.53315 -0.956498 0.365005 -0.146079 0.0754173 -0.00603603 0.0596709 -0.213607 
1.033 0.095338 -0.60984 0.124827 0.220732 -0.363118 0.363609 -0.16015 
0.965843 -0.158414 -0.0761854 -0.065105 -0.0854873 -0.140539 0.105135 0.0178231 
1.39199 -0.377485 -0.178974 0.0713988 -0.0749217 -0.479892 0.956626 -0.528287 
1.02386 -0.214689 0.0876343 -0.332268 0.0018854 -0.0917523 0.234337 -0.128183 
1.51555 -0.67854 0.0989987 -0.000400529 -0.192473 -0.0201835 0.406177 -0.308144 
1.17941 -0.33411 0.124485 0.0441344 -0.273456 0.239567 -0.282119 0.122881 
1.45433 -0.55973 0.0138444 -0.427572 0.734817 -0.528188 0.232633 -0.157166 
1.62768 -0.815753 0.0729446 -0.0716162 0.262246 -0.713278 0.928261 -0.485842 
1.69525 -1.41991 1.19809 -1.24388 1.14759 -0.743683 0.350864 -0.218413 
1.19293 -0.283757 -0.0792332 0.0217534 -0.109091 0.153614 0.039767 -0.235243 
1.6504 -1.19944 0.689172 -0.262129 -0.220405 0.618732 -0.616443 0.147731 
0.91007 -0.247021 -0.0815277 -0.0784233 -0.074543 0.304049 -0.475584 0.13138 
1.18857 -0.186637 -0.173349 -0.0480068 -0.445851 0.502713 0.0554181 -0.171129 
1.17324 -0.0909015 -0.308636 -0.389676 0.561764 0.100583 -0.522089 0.246663 
1.38897 -0.42927 -0.132248 -0.0177021 0.0838699 -0.119371 0.156437 -0.144023 
1.30287 -0.312018 -0.468823 0.461558 -0.114104 -0.156136 0.179908 -0.209551 
1.58902 -0.618232 -0.377831 0.582295 -0.392087 -0.159494 0.519846 -0.324655 
1.50647 -0.593671 0.238719 -0.578906 0.198494 -0.105517 0.622311 -0.505986 
1.60534 -0.878458 0.271762 -0.0918475 -0.181119 0.0678288 0.311386 -0.297789 
1.22652 -0.468026 0.226936 -0.304601 0.17106 -0.169804 0.460061 -0.47129 
1.49168 -0.830992 0.336752 -0.15794 -0.0913881 0.284294 -0.133665 -0.126339 
1.43579 -0.337438 -0.369637 0.221764 -0.532347 0.150304 0.710538 -0.553409 
1.46893 -0.316248 -0.333508 0.0657513 -0.324771 0.220165 0.479945 -0.459212 
1.43731 -0.405883 -0.230468 0.0917398 -0.0976517 -0.322713 0.880293 -0.566647 
1.15233 -0.125569 -0.391248 0.482293 -0.480105 -0.244172 0.532497 -0.146446 
1.17583 -0.258916 0.0387802 -0.259241 0.140216 0.00047787 0.00356628 -0.119811 
1.45383 -0.560674 -0.0358272 -0.0219995 0.0462226 -0.316034 0.561929 -0.351827 
1.44936 -0.381271 -0.13846 -0.300631 0.293722 -0.463731 0.905516 -0.581029 
1.51679 -0.569232 -0.574031 0.733898 -0.201166 -0.407113 0.329315 -0.0332027 
1.7873 -1.25433 0.399846 -0.0249524 0.0902168 -0.584502 0.764241 -0.378374 
1.48596 -0.848838 0.42199 -0.343463 0.126392 0.091206 -0.0981594 -0.0953937 
1.37238 -0.481283 -0.252686 0.41968 -0.433176 0.321411 -0.00627346 -0.223894 
1.39549 -0.299484 -0.532311 0.475254 -0.331221 0.0680613 0.319153 -0.353045 
1.87191 -1.52263 0.969206 -0.668946 0.300463 -0.313865 0.498388 -0.308143 
1.09643 -0.40369 0.269566 -0.126373 -0.116524 0.227712 -0.416053 0.134185 
1.26054 -0.523313 -0.014277 0.119683 -0.124988 0.176623 -0.428793 0.339773 
1.31858 -0.140924 -0.447492 0.199946 -0.46327 0.182364 0.530868 -0.424238 
1.81561 -0.907648 -0.0979448 -0.0880973 0.224544 0.016006 0.0119883 -0.109385 
1.20477 -0.216721 -0.185492 -0.0198923 -0.253659 0.114651 0.284218 -0.235956 
1.1775 -0.438211 0.0516847 -0.216177 0.475306 -0.569581 -0.0505088 0.279713 
1.56448 -1.06978 0.376362 -0.0583394 -0.513064 0.917948 -0.769662 0.173737 
1.42997 -0.333424 -0.230437 0.0540239 -0.522813 0.475213 0.330087 -0.424461 
1.46393 -0.515823 0.0980238 -0.38564 0.0104699 0.306545 -0.00839784 -0.147483 
1.42211 -0.562769 0.12368 -0.452754 0.535213 -0.106844 -0.234338 0.0508676 
1.28224 -0.391188 -0.360428 0.162601 0.406141 -0.699102 0.334593 -0.0509934 
1.58507 -0.883264 0.266377 -0.0105821 -0.367335 0.505714 -0.367297 0.110522 
1.17491 -0.179743 0.0040537 -0.481309 0.51817 -0.235031 0.116222 -0.170555 
1.83142 -1.24792 0.66564 -0.670295 0.263768 -0.0610595 0.361639 -0.313958 
1.49893 -0.409567 -0.385021 0.00247651 0.30752 -0.565818 0.738991 -0.394911 
1.56934 -0.882219 0.321155 -0.122878 -0.283736 0.675723 -0.6181 0.144677 
1.23646 -0.0173688 -0.351015 -0.268619 0.161304 0.0627566 0.214963 -0.228179 
1.32556 -0.509526 0.0318794 0.0874511 -0.38237 0.452425 -0.0826856 -0.227157 
0.719882 -0.119163 0.163611 -0.209778 0.130059 0.290333 -0.310309 -0.0921354 
1.69834 -1.19435 0.454495 -0.239432 0.61523 -0.953811 0.586991 -0.18317 
1.45135 -0.411828 -0.606483 0.784222 -0.376961 -0.215359 0.418527 -0.252835 
0.837329 -0.127066 0.154022 -0.207231 0.0613538 -0.12148 -0.01939 -0.0872915 
2.00294 -1.6709 0.491754 0.820528 -1.46769 1.03774 -0.381446 0.0429785 
1.00034 -0.200045 -0.196135 -0.0919532 0.243849 -0.327111 0.0853663 -0.0838706 
1.7163 -1.06377 0.193372 0.369062 -0.887679 0.882456 -0.366855 -0.0242168 
1.33634 -0.39334 -0.111433 0.0882384 -0.242583 0.359936 -0.168584 -0.10023 
1.17104 -0.0523302 -0.245702 -0.279683 0.32615 0.160543 -0.257756 -0.0722485 
1.54719 -0.463002 -0.410679 0.228221 0.126481 -0.652986 1.05613 -0.595457 
1.186 -0.478857 0.123151 -0.108222 -0.00456736 -0.277405 0.343987 -0.075102 
1.23703 -0.477156 0.19047 -0.236898 0.0481687 0.143872 -0.0730372 -0.142274 
1.4187 -0.685316 0.0747108 0.0821642 -0.0404685 -0.12847 0.36082 -0.377985 
1.51753 -0.557417 0.097052 -0.446621 0.260524 -0.0889401 0.398359 -0.363119 
1.38607 -0.0617666 -0.829142 0.110622 0.734222 -0.48224 -0.263198 0.250576 
1.45358 -0.763085 0.462124 -0.518175 0.259456 -0.349221 0.473262 -0.249494 
0.791696 0.0534325 -0.235179 -0.0375808 0.0600066 -0.17989 -0.184242 0.154572 
1.59511 -0.899545 0.492411 -0.664036 0.327915 0.0407226 0.00960753 -0.091315 
1.63029 -0.731043 -0.287982 0.465036 -0.27043 0.365748 -0.404214 0.062535 
1.17681 -0.537697 0.262486 -0.447542 0.241073 -0.0540903 -0.220745 0.129949 
1.44098 -0.247374 -0.511001 0.157205 0.0173876 0.0622715 0.0185152 -0.104287 
1.08001 -0.133965 -0.286575 -0.0210933 -0.0163529 0.15341 -0.303573 0.192809 
1.28205 -0.336765 -0.171468 -0.0161524 -0.136955 0.192074 -0.132468 0.089317 
1.6153 -1.02098 0.301386 0.22684 -0.650578 0.756587 -0.465336 0.0311947 
1.26643 0.371869 -1.05996 -0.0158479 0.48179 -0.192198 0.187646 -0.171907 
1.63897 -0.575811 -0.402346 0.341722 -0.16659 -0.187438 0.627752 -0.442153 
1.51339 -0.937187 0.423358 -0.166951 -0.0871712 0.269637 -0.246506 -0.0161021 
1.36561 -0.609318 -0.0445283 0.324826 -0.202389 0.106351 -0.281852 0.116997 
1.52193 -0.599251 -0.123185 0.253479 -0.461883 0.20691 0.337095 -0.335172 
1.64058 -0.859779 0.17685 -0.163873 0.251086 -0.836079 1.21715 -0.629337 
1.42811 -0.347331 -0.338827 0.121061 -0.0536391 0.277916 -0.390764 0.161273 
1.31121 -0.343908 -0.0458217 -0.186414 0.126589 0.040379 -0.0774325 -0.0520295 
1.34301 -0.310567 -0.197404 0.112321 -0.23031 -0.266712 0.814821 -0.501902 
1.71869 -0.964454 -0.29719 0.981917 -0.771805 -0.0182564 0.418935 -0.261575 
1.58292 -0.545895 -0.624027 0.877608 -0.428004 -0.208962 0.442532 -0.266383 
1.17782 -0.0719593 -0.0791503 -0.549139 0.325002 0.0784899 0.119503 -0.177626 
1.36163 -0.340591 -0.27785 0.0461287 0.0745442 0.153961 -0.37137 0.147886 
1.51839 -0.744475 0.517011 -0.791454 0.279391 -0.134226 0.69989 -0.562654 
1.22771 0.133265 -0.493103 -0.137473 -0.210851 0.302202 0.467691 -0.497721 
1.15279 -0.129813 -0.309741 -0.0626119 0.247585 -0.0510584 0.0463639 -0.250197 
1.56083 -1.19036 0.925804 -1.01482 1.04265 -1.08245 0.685677 -0.111388 
1.28495 -0.31049 0.075818 -0.498979 0.156812 0.219449 0.00448658 -0.100836 
0.608999 -0.0469938 0.0499997 0.0157333 -0.0478917 -0.307294 -0.00608225 -0.0478605 
1.52001 -0.590757 -0.298456 0.26022 0.3772 -0.942292 0.76133 -0.297925 
2.00159 -1.70247 0.937313 -0.327823 -0.235494 0.262118 0.0684075 -0.143191 
0.737511 0.252234 -0.12099 -0.129022 -0.00175521 0.0798542 -0.105239 -0.100329 
1.72029 -1.092 0.307899 -0.0163349 -0.086956 -0.172194 0.452236 -0.298734 
1.27404 -0.0593229 -0.585843 0.319955 -0.187261 -0.0338185 0.263376 -0.188381 
1.74435 -0.776838 -0.43093 0.11817 0.621363 -0.587263 0.155853 0.0161958 
1.38002 -0.157223 -0.748817 0.525958 -0.0295092 -0.333246 0.42342 -0.252537 
1.45086 -0.287716 -0.762205 0.570376 0.199091 -0.502954 0.132169 0.0161088 
1.50215 -0.951241 0.560436 -0.582907 0.409403 -0.282795 0.37684 -0.35978 
1.00456 -0.110559 -0.0701819 -0.00353001 -0.448001 0.196905 0.141952 -0.0553699 
1.23615 -0.151006 -0.407776 0.330404 -0.197978 -0.0714709 0.0912076 -0.0430282 
1.32953 -0.382893 -0.0980193 0.119805 -0.316381 0.0373284 0.349426 -0.254387 
0.786873 0.205471 0.000242858 -0.325417 0.0199381 0.22861 -0.100255 -0.183285 
1.89363 -1.44412 0.550178 -0.0204014 -0.190127 0.0194034 0.172425 -0.14221 
1.10874 -0.286873 -0.0985492 -0.0356938 0.126651 -0.0600369 -0.376141 0.399243 
1.1878 -0.120301 -0.278094 0.0138713 0.220384 -0.265158 0.0922676 -0.0826175 
1.43721 -0.517785 -0.0684902 -0.0042235 -0.106995 0.356577 -0.305816 0.00149895 
1.63256 -0.826484 0.0698115 0.075418 -0.330936 0.638771 -0.588381 0.16531 
1.69685 -1.07784 0.354634 0.0438612 -0.303429 0.427097 -0.381341 0.105578 
1.67814 -1.00153 0.403444 -0.307609 0.131048 -0.272751 0.522676 -0.318253 
1.6674 -0.784699 0.0957438 -0.231506 0.144376 -0.170896 0.470543 -0.355302 
1.53743 -0.671767 0.14543 -0.20451 -0.201223 0.426383 -0.0802267 -0.11385 
1.18027 -0.190959 -0.14465 0.0412743 -0.332134 0.276726 0.0698337 -0.0425696 
1.20354 -0.157288 -0.228979 0.107518 -0.360771 0.430244 -0.22934 0.0196343 
1.51256 -0.473498 -0.282149 0.164232 -0.178657 -0.191129 0.764276 -0.524075 
1.48701 -0.466684 -0.255271 0.0970622 0.0987754 -0.48767 0.721294 -0.378617 
1.06289 -0.201951 -0.140003 0.148898 -0.0842305 0.0506387 -0.340986 0.134525 
1.27589 -0.17482 -0.670818 0.648732 -0.13054 -0.322333 0.193804 -0.0710128 
1.19146 -0.136228 -0.330799 0.284697 -0.319033 0.0977363 0.0629693 -0.0721903 
0.969987 -0.15933 -0.260124 0.218943 -0.235437 -0.119472 -0.0484566 0.170894 
1.11687 -0.328777 -0.118649 0.00436656 0.210249 -0.583188 0.384832 -0.0329952 
1.58697 -0.448554 -0.514482 0.446919 -0.466238 0.0612328 0.672132 -0.4932 
1.32448 -0.375783 -0.0944214 -0.215833 0.523311 -0.42065 0.100325 -0.0627191 
1.15514 0.0180121 -0.345002 -0.305709 0.639366 -0.284829 -0.323237 0.234839 
1.48505 -0.327179 -0.786699 0.6016 -0.146102 -0.120432 0.192304 -0.111065 
1.28396 0.0769654 -0.681786 -0.184122 0.47383 0.270697 -0.484066 0.0345026 
1.28919 0.0343678 -0.43858 -0.55984 0.64764 0.106955 -0.199011 -0.0378961 
1.14857 -0.325017 0.0999541 -0.0415373 -0.176322 -0.00742878 0.198983 -0.154784 
1.60394 -1.10327 0.626277 -0.505817 0.310083 -0.306401 0.431139 -0.337367 
1.5299 -0.775589 0.166412 -0.0237718 -0.0365349 -0.115291 0.136143 -0.0948082 
1.21136 0.0601201 -0.421239 -0.0235073 -0.161628 -0.0765892 0.758316 -0.577242 
1.67338 -0.808691 -0.173182 0.397223 -0.287885 -0.198999 0.542083 -0.317286 
1.13884 -0.307323 -0.0958301 -0.054459 -0.15273 0.180024 -0.134681 0.0928538 
1.45064 -0.475403 0.0236519 -0.283237 -0.0795705 0.375737 -0.0417288 -0.169876 
1.2341 -0.532195 0.164363 -0.214909 0.168792 0.119767 -0.324719 -0.0122834 
1.57271 -0.842916 0.206838 -0.20123 0.193239 -0.195782 0.158829 -0.0313969 
1.87235 -1.25228 0.189436 0.463638 -0.931289 0.755625 -0.0857403 -0.154141 
1.43602 -0.387312 -0.352575 0.187263 -0.244188 0.0674592 0.292924 -0.238961 
1.17832 -0.1014 -0.247631 -0.12634 -0.0653512 0.116051 0.0568274 -0.051119 
1.56545 -0.756461 0.100027 -0.00741609 -0.225591 0.173915 0.192962 -0.239457 
1.54778 -0.650364 -0.228539 0.456594 -0.26464 -0.209029 0.331507 -0.15775 
1.79108 -1.38459 0.944172 -0.832508 0.44272 0.0471537 -0.27687 0.142306 
1.27204 -0.372858 -0.210868 0.292743 -0.0740937 0.0596645 -0.248663 0.0408037 
1.63924 -1.0936 0.995985 -1.30131 0.84843 -0.696991 0.911591 -0.523308 
1.63168 -1.00658 0.269428 -0.0931074 -0.113212 0.486909 -0.584132 0.143145 
1.2745 -0.57276 0.346028 -0.473059 0.427621 -0.339603 0.422674 -0.349821 
1.33389 -0.405831 -0.026799 -0.035374 0.0436104 -0.0875565 0.0119141 0.00180679 
1.38313 -0.366231 -0.272812 0.34786 -0.368966 0.103859 0.158219 -0.130879 
1.58618 -0.86372 0.245863 -0.135533 -0.0104807 -0.235588 0.521293 -0.30998 
1.25578 -0.139826 -0.101683 -0.379129 -0.101824 0.357135 0.101454 -0.191203 
1.27819 -0.3089 -0.125226 0.0652869 -0.132499 -0.0282761 0.201277 -0.139083 
1.56541 -0.852369 0.421348 -0.353766 -0.290458 0.459789 -0.0156298 -0.147071 
1.70781 -0.926661 0.196319 -0.232512 0.177586 -0.468617 0.869447 -0.522325 
1.53648 -0.419174 -0.596602 0.63795 -0.291945 -0.2688 0.58743 -0.348368 
1.45059 -0.741171 0.154328 0.215466 -0.288914 -0.060101 0.0950227 -0.0268882 
1.36237 -0.271425 -0.395612 0.196186 -0.120569 -0.114452 0.428975 -0.313165 
1.38252 -0.192019 -0.595625 0.52609 -0.488576 0.272911 0.0563288 -0.12309 
1.35941 -0.716756 0.478049 -0.55706 0.183579 -0.37367 0.623809 -0.291686 
1.08335 -0.360577 0.0406904 -0.148645 0.194318 -0.322243 0.0353646 0.130943 
1.37214 -0.537088 0.0568695 -0.347361 0.288572 -0.185224 0.147148 -0.045191 
1.55156 -0.839467 0.116362 0.148828 -0.14078 -0.112056 0.319086 -0.274025 
1.72541 -1.24001 0.9782 -1.30007 1.07616 -0.574662 0.377112 -0.181813 
1.33252 -0.777736 0.43375 -0.382414 0.133944 -0.044509 -0.120139 0.184986 
1.59469 -0.797327 -0.111307 0.375207 -0.62658 0.819003 -0.54981 0.151641 
1.43598 -0.328704 -0.389289 0.0745742 0.115761 -0.196149 0.308644 -0.210287 
0.855084 -0.129156 0.192598 -0.261038 0.134936 -0.204348 0.0352102 -0.102032 
1.49311 -0.586069 -0.094829 0.171055 -0.207875 -0.0539439 0.308281 -0.202657 
1.2178 -0.291497 0.061263 -0.347079 0.00707393 0.453808 -0.298431 -0.0819787 
1.2158 -0.00111163 -0.132399 -0.444038 -0.142941 0.378639 0.283703 -0.382976 
1.41968 -0.619838 -0.151541 0.407555 -0.339435 0.0791993 0.0804215 -0.148473 
1.39921 -0.851516 0.434217 -0.238076 0.111611 -0.181474 0.320259 -0.327992 
1.4138 -0.476884 -0.0575453 -0.12667 0.124758 -0.416229 0.681283 -0.391406 
0.476317 -0.280212 -0.222921 -0.0293306 -0.301896 -0.0576649 -0.319427 -0.188233 
1.50192 -0.60308 0.060908 -0.0708794 -0.371038 0.573936 -0.216223 -0.047211 
1.12855 -0.316074 -0.121078 -0.0162049 0.0815308 -0.281461 0.117528 0.0400791 
0.941423 -0.198463 -0.0369945 -0.443345 0.20016 -0.066824 0.106292 -0.267004 
1.41321 -0.564184 0.201707 -0.347155 0.0312536 0.0651825 0.203124 -0.213038 
1.49818 -0.624075 0.015367 0.117109 -0.634293 0.441649 0.307651 -0.357226 
1.37534 -0.319221 -0.461882 0.549257 -0.494942 0.0236007 0.421131 -0.295615 
1.44497 -0.366142 -0.199323 -0.0329007 -0.245 0.40257 0.0100529 -0.178119 
1.78363 -0.813123 -0.375944 0.22564 0.48405 -1.02686 1.08335 -0.525549 
1.6086 -0.652719 -0.518924 0.77823 -0.154444 -0.714716 0.782831 -0.319806 
1.80412 -0.965488 -0.134693 0.256711 0.0905944 -0.573834 0.718291 -0.338092 
1.3324 -0.19893 -0.426617 -0.0137264 0.511102 -0.56626 0.252834 -0.081959 
1.4397 -0.618182 0.160265 -0.285923 0.111628 -0.0789781 0.25698 -0.143023 
1.56682 -1.12952 0.688141 -0.547578 0.363989 -0.175962 0.145625 -0.222151 
1.21491 -0.758996 0.20939 0.118757 -0.487923 0.408988 -0.347525 0.0474659 
1.18646 -0.110788 -0.366435 -0.0256714 0.186683 0.0699584 -0.174486 -0.0721645 
1.4718 -0.534885 -0.075855 0.0812961 -0.411613 0.56431 -0.235172 -0.0425638 
1.09541 -0.355515 -0.152214 0.124726 -0.128986 -0.0929233 -0.144159 0.174986 
1.11789 -0.296231 -0.192309 -0.0230533 0.244044 -0.246858 -0.340584 0.373155 
1.44245 -0.599201 0.114647 -0.317878 0.417922 -0.614224 0.705186 -0.310022 
1.42879 -0.314373 -0.469365 0.311494 -0.0924711 -0.480034 0.883875 -0.483971 
1.72917 -1.04445 0.38872 -0.246577 -0.110744 0.150362 0.276499 -0.29662 
1.79048 -1.78291 1.39181 -1.19633 0.988077 -0.838323 0.414014 -0.139364 
1.58461 -0.970689 0.555623 -0.557743 0.646061 -0.738939 0.473028 -0.172501 
1.50613 -0.546283 -0.178352 0.153712 -0.242868 0.0661638 0.287724 -0.245171 
0.915861 -0.330751 0.591491 -0.565166 0.318826 -0.327738 0.1795 -0.216642 
1.24874 -0.435751 -0.130988 0.14471 -0.148389 0.0439216 -0.132773 0.183773 
1.29903 -0.794891 0.295157 -0.277339 0.229752 -0.207907 -0.0459514 0.0181484 
1.45643 -0.439537 -0.33894 0.199596 -0.0258839 0.0602596 -0.110717 -0.00384152 
1.25256 -0.162212 -0.282269 0.00760782 -0.0821984 0.0423202 0.325651 -0.269659 
1.21581 -0.143759 -0.320419 0.095064 -0.180088 0.111294 0.307146 -0.369922 
1.05611 -0.142585 -0.315954 -0.0014698 0.211852 0.0169462 -0.480495 0.329338 
0.993758 -0.118205 0.173606 -0.389722 -0.0130899 -0.219004 0.354601 -0.0599303 
1.57887 -0.747873 -0.0344767 0.23019 -0.199363 0.0555117 0.0655026 -0.100123 
1.75215 -1.00928 0.170904 -0.218719 0.528201 -0.968938 1.16292 -0.612709 
1.49235 -0.729168 0.231782 -0.293775 0.242491 -0.191841 0.191915 -0.151614 
1.43807 -0.416297 -0.458099 0.563146 -0.306808 -0.215115 0.522781 -0.313685 
1.17606 -0.190605 -0.396429 0.228187 0.0162657 -0.138416 -0.0822906 0.182969 
1.58671 -0.776697 -0.240334 0.618658 -0.268476 -0.47261 0.610901 -0.27865 
1.1248 -0.184943 -0.108333 -0.132437 0.106569 0.122662 -0.22832 -0.0383463 
1.18906 -0.52803 0.0771239 0.0611303 -0.161128 0.0309124 -0.161214 0.191776 
1.15808 0.19769 -0.494237 -0.296454 0.0993441 0.210109 0.205444 -0.293756 
0.959674 -0.650995 0.420515 -0.39708 0.196482 -0.202717 -0.115557 0.0664993 
1.26971 -0.586795 0.359479 -0.495896 0.283584 -0.0984747 0.386091 -0.487575 
1.43953 -0.337158 -0.182628 -0.252208 0.276569 -0.372042 0.666191 -0.408322 
1.46993 -0.677629 0.300296 -0.470594 0.345998 -0.416095 0.549346 -0.308486 
1.01545 -0.100912 0.0969001 -0.338064 0.110972 0.186387 -0.330488 0.0436693 
0.798619 -0.183755 -0.0818434 -0.0354072 -0.138029 0.120288 -0.290072 0.0292884 
1.46318 -0.535014 -0.0451214 -0.0710838 -0.0412395 -0.0418115 0.290098 -0.207493 
1.41586 -0.359501 -0.419391 0.374513 -0.213535 -0.074017 0.25834 -0.171795 
1.46153 -0.789142 0.359436 -0.336044 0.267349 -0.0821952 0.0537695 -0.172545 
1.40883 -0.547993 0.106582 -0.112087 -0.354311 0.582538 -0.281786 0.00452476 
0.562425 0.0628347 -0.114005 0.0888202 -0.0210782 0.00371659 -0.252943 0.0157615 
1.08756 -0.0645445 -0.361117 -0.318018 0.279089 0.282925 -0.575273 0.178729 
0.73913 0.0844484 -0.105906 -0.0306555 -0.0244467 0.0319765 -0.357596 0.163743 
1.41286 -0.874314 -0.0226975 0.112784 0.252373 -0.919163 0.876796 -0.483275 
1.2647 -0.127489 -0.303251 -0.236113 0.281745 0.0165183 0.0674146 -0.154433 
1.03213 -0.30546 -0.225542 0.170307 -0.225905 0.0718532 -0.147782 0.0453897 
1.34629 -0.355774 -0.247342 0.259706 -0.358191 0.213794 0.0370362 -0.0875768 
1.21807 -0.294205 0.148497 -0.317862 0.0141707 0.239112 -0.227002 -0.00987381 
1.2233 -0.220762 -0.253421 -0.0214426 0.237137 -0.155437 0.13693 -0.231361 
1.2863 -0.389629 0.0253787 -0.0943805 -0.168147 0.188363 0.0961123 -0.200392 
1.48939 -0.689048 -0.0821717 0.33603 -0.222305 -0.151307 0.254618 -0.144644 
0.975876 0.0625177 -0.108015 -0.369482 0.0702055 -0.0114401 0.105748 0.000890924 
1.73823 -1.04135 0.241617 0.0350394 -0.39234 0.417248 -0.0426816 -0.11146 
1.24318 -0.350788 -0.652443 0.645266 -0.230374 -0.538094 0.633126 -0.290882 
1.29018 -0.350697 -0.09505 0.00209158 -0.123167 0.128229 0.00495926 -0.0745104 
1.00084 -0.231082 0.335963 -0.429447 0.213615 -0.329152 0.252818 -0.123538 
1.30811 -0.0771118 -0.195469 -0.278795 -0.25815 0.316189 0.597559 -0.593797 
1.52212 -0.835761 0.322767 -0.420217 0.437711 -0.143498 -0.112392 -0.00486748 
1.03792 -0.241727 -0.340546 0.178891 -0.0340359 -0.355947 0.292781 -0.19132 
1.56676 -0.706881 0.221137 -0.45569 0.207365 0.0566962 0.148955 -0.210537 
1.68154 -0.789766 -0.336969 0.725061 -0.66143 -0.0401033 0.656362 -0.43603 
1.52195 -0.991413 0.482979 -0.254471 -0.0129066 0.379911 -0.559062 0.162524 
1.31495 -0.265014 -0.219386 0.0945088 -0.295048 0.0456554 0.513702 -0.390304 
1.50931 -0.70561 0.333395 -0.563845 0.388923 -0.390476 0.612295 -0.369903 
1.8875 -1.4873 1.11139 -1.12742 0.472008 0.151436 -0.01079 -0.147998 
1.33294 -0.208038 -0.458759 0.00350969 0.467942 -0.372896 -0.0824864 0.114794 
0.922061 -0.0922211 -0.0580501 -0.145869 -0.0280588 0.0276752 0.00339767 0.0604834 
1.19425 -0.167953 -0.429448 0.346587 0.0634069 -0.345881 0.0615726 0.0250667 
1.47468 -0.400579 -0.280607 0.219948 -0.664678 0.786352 -0.134224 -0.189706 
0.919904 -0.36102 0.149727 -0.268367 0.381718 -0.164999 -0.183205 -0.026915 
1.40304 -0.343986 -0.303917 0.361772 -0.478259 0.189433 0.274831 -0.268473 
1.47657 -0.652816 -0.023597 0.12183 -0.0275078 -0.0125967 0.0485076 -0.127888 
1.72055 -1.10786 0.535519 -0.626124 0.372997 -0.250964 0.427044 -0.291872 
1.44746 -0.534201 -0.117026 0.0780931 -0.171968 0.414554 -0.468539 0.122939 
1.32795 -0.437661 -0.0964116 -0.024128 0.157401 -0.359716 0.401582 -0.127432 
1.41667 -0.815379 0.586097 -0.76021 0.827139 -0.68688 0.408076 -0.227511 
2.27284 -1.81718 0.0571102 0.985386 -0.739779 -0.0203715 0.419731 -0.265367 
1.06949 -0.283947 0.0224132 -0.156398 -0.220239 0.116296 0.100678 -0.105129 
1.86943 -1.5373 0.86894 -0.298458 -0.371455 0.927554 -0.869758 0.256321 
1.2443 -0.27169 0.133638 -0.535217 0.00690733 -0.106783 0.765095 -0.540679 
1.45422 -0.917176 0.680045 -0.75336 0.662466 -0.415811 0.314397 -0.284724 
1.37576 -0.23062 -0.441626 0.472296 -0.778239 0.233196 0.669407 -0.505688 
1.74974 -1.31694 0.634548 -0.189051 -0.092018 -0.117555 0.384177 -0.285147 
1.31777 -0.15924 -0.447285 0.023532 0.209846 -0.119061 0.103565 -0.154366 
1.43105 -0.475262 -0.326739 0.48022 -0.32299 -0.142692 0.368253 -0.247295 
1.23415 -0.270969 -0.160877 -0.0980653 0.281922 -0.239211 -0.0579483 0.0757422 
1.58314 -0.909155 0.20365 0.0263332 -0.397075 0.975346 -1.07761 0.357363 
1.45823 -0.246591 -0.437541 0.0935163 -0.302117 0.157876 0.555349 -0.485199 
1.13725 -0.287441 0.0297809 -0.234687 0.0505827 0.00314882 0.140539 -0.0873362 
1.60453 -0.997366 0.217987 0.297976 -0.653908 0.631572 -0.258089 -0.0808879 
1.27915 -0.355262 0.107249 -0.569934 0.446822 0.0607685 -0.125761 -0.138656 
1.82884 -1.43693 0.842899 -0.685739 0.621374 -0.705812 0.63276 -0.283178 
1.4049 -0.538556 -0.147758 0.410758 -0.551327 0.41752 -0.00809036 -0.229953 
0.738026 -0.193434 -0.0144461 -0.261014 0.0401895 -0.157903 -0.0241853 -0.148577 
1.19405 -0.294515 -0.148865 0.0264322 -0.136494 0.117689 -0.121511 0.142589 
1.16994 -0.339132 -0.0013367 -0.100504 -0.232717 0.221866 -0.074458 0.0755003 
1.41893 -0.568181 -0.110219 0.160265 -0.115987 0.0124092 0.10765 -0.188784 
1.34395 -0.468093 -0.0861677 0.143043 -0.131833 -0.197181 0.416813 -0.263408 
1.31617 -0.4339 0.0147828 -0.053273 -0.243438 0.55869 -0.331887 -0.0974181 
1.63263 -1.00559 0.436931 -0.23531 -0.144074 0.201015 0.0377186 -0.110456 
1.37781 -0.664933 0.258059 -0.121007 -0.282945 0.332871 -0.125876 0.048247 
1.38658 -0.619574 0.183197 -0.0572715 -0.45846 0.782108 -0.413944 -0.0725105 
1.33379 -0.0674407 -0.417559 -0.1688 -0.149232 0.584817 -0.0852712 -0.214106 
1.09912 -0.49186 -0.0382261 -0.127813 -0.0529239 0.359246 -0.749292 0.329893 
1.23065 -0.132099 -0.313189 -0.00264376 -0.0422771 0.286861 -0.325828 0.0816068 
1.60188 -0.79607 0.162546 -0.0225909 -0.494704 0.598304 -0.0581092 -0.1676 
1.44549 -0.850099 0.179521 0.0489849 -0.423991 0.826884 -0.988788 0.460674 
1.29498 -0.468412 -0.0391595 0.149688 -0.396669 0.608252 -0.720523 0.404179 
1.02915 -0.0966821 -0.290791 0.237989 -0.224566 -0.143157 0.518715 -0.481323 
1.39951 -0.330311 -0.118826 -0.144181 -0.0591711 -0.234255 0.944557 -0.660675 
1.46172 -0.494936 -0.335261 0.349574 0.106554 -0.516677 0.370617 -0.129169 
1.53283 -0.899612 0.280585 -0.254235 0.495356 -0.73066 0.588509 -0.311706 
1.57934 -1.06276 0.479575 -0.292455 0.251231 -0.228078 0.200181 -0.227423 
1.37423 -0.519987 -0.0145813 -0.281768 0.726283 -0.797369 0.400122 -0.155708 
1.53803 -0.994804 0.528823 -0.358368 0.0805911 -0.00696548 0.165866 -0.244126 
1.56509 -0.774494 0.177147 -0.00848016 -0.432807 0.49025 -0.0601922 -0.14464 
1.51143 -0.804584 0.245636 -0.237157 0.417006 -0.514702 0.276538 -0.0732833 
1.47719 -0.41058 -0.37964 0.27372 -0.198748 -0.247857 0.844749 -0.577881 
1.51632 -0.867703 0.0761234 0.48506 -0.657989 0.482787 -0.153368 -0.14232 
1.23714 -0.367481 -0.131087 0.162613 -0.316732 0.331057 -0.198575 0.0753894 
1.26758 -0.0775547 -0.550762 0.183128 0.0870744 -0.172208 0.0857721 -0.0272907 
1.35208 -0.2994 -0.166182 0.0461697 -0.470046 0.280279 0.495992 -0.464712 
1.52226 -1.00943 0.527505 -0.35496 0.147244 -0.182422 0.393687 -0.382305 
1.28247 -0.347331 -0.244044 0.130346 0.236453 -0.290106 0.197739 -0.225294 
1.66885 -1.28163 0.843948 -0.579949 0.122017 0.226388 -0.108532 -0.152494 
1.59627 -0.483591 -0.627448 0.629394 -0.282133 -0.294633 0.724154 -0.430774 
1.4335 -0.431876 -0.267388 0.177658 -0.0874935 0.052052 0.0222484 -0.109605 
1.18595 -0.446648 0.0422744 -0.0792206 -0.20128 0.335773 -0.411301 0.21707 
0.732982 -0.308173 -0.0263696 -0.225455 -0.105839 0.18617 -0.483381 0.094988 
1.79882 -1.58903 1.22468 -1.01746 0.626912 -0.237498 0.210073 -0.259074 
1.21868 -0.20288 -0.206853 0.0413364 0.0562349 -0.358577 0.453425 -0.221496 
1.07044 -0.570198 0.197755 -0.275629 0.139842 -0.397326 0.361284 -0.309515 
1.60696 -1.27101 1.11941 -1.1285 0.890399 -0.607886 0.526491 -0.394788 
1.31782 -0.495621 0.265605 -0.630816 0.409405 0.0603237 -0.169669 0.0851663 
1.55353 -0.839209 0.237428 -0.0840078 0.109316 -0.304984 0.362318 -0.19183 
1.29359 -0.0493774 -0.367303 -0.0657047 -0.284271 0.30792 0.361074 -0.390879 
0.712689 -0.0690248 -0.252272 -0.21391 0.0478785 0.273043 -0.483473 -0.0936068 
1.55941 -0.995068 0.387065 -0.0437366 -0.255926 0.512312 -0.528075 0.109099 
0.638153 0.341397 -0.261599 -0.125859 -0.159963 0.292528 -0.0550825 -0.263127 
1.31983 -0.298353 -0.160114 0.0673052 -0.273517 0.0423944 0.413613 -0.315579 
1.30752 -0.500178 0.173767 -0.153697 -0.0826199 0.175327 -0.14016 0.01142 
1.42223 -0.55892 -0.294337 0.328343 0.246492 -0.708773 0.556237 -0.288326 
1.1376 -0.456375 0.0366496 0.0410883 -0.185303 -0.00956746 0.00251206 0.032216 
1.30441 -0.202416 -0.33306 -0.115054 0.419168 -0.168399 -0.0901151 -0.0271578 
1.08971 -0.326429 -0.129089 0.0511047 -0.0796802 -0.0120962 -0.162537 0.175687 
1.37766 -0.410309 -0.173171 -0.00203045 0.246165 -0.35579 0.311759 -0.220803 
1.35454 -0.373984 0.0524918 -0.279127 -0.214877 0.306133 0.37945 -0.440518 
1.27484 -0.446701 0.0864221 -0.192843 0.155665 0.0767365 -0.26516 0.0397865 
0.913753 -0.164709 0.0376706 -0.0602317 -0.1526 0.148103 -0.452511 0.429775 
1.22065 -0.287058 -0.207621 0.208506 -0.0786179 -0.188476 0.285708 -0.211808 
1.66196 -0.784957 -0.241228 0.518025 -0.22008 -0.725311 1.17454 -0.570718 
1.29249 -0.320846 -0.0611946 -0.15215 0.047872 -0.128022 0.444232 -0.31335 
0.893856 0.0534986 -0.437796 0.00792387 0.150429 -0.215024 -0.0789974 0.0876647 
1.06755 -0.119584 -0.469357 0.097784 0.150473 -0.184902 -0.220401 0.209499 
1.31563 -0.439668 0.0799453 -0.357492 -0.0111926 0.273906 -0.138753 0.0378603 
1.18995 -0.206845 -0.259586 -0.0140648 0.321026 -0.167912 -0.137529 -0.000600645 
1.19661 -0.247375 -0.00151836 -0.344619 0.372039 0.107073 -0.354093 0.0342616 
1.19875 -0.254348 -0.101567 -0.0181188 -0.18566 -0.432411 0.867783 -0.367149 
0.960709 -0.455997 0.136909 -0.265779 -0.0285581 -0.0700425 -0.0136412 -0.152497 
0.819026 0.145103 -0.371855 0.229291 -0.121614 -0.0321159 0.0569845 -0.190254 
1.63922 -0.924122 0.33272 -0.221613 -0.110192 0.17257 0.0731892 -0.131586 
1.53297 -0.675011 -0.194296 0.458922 -0.612841 0.493744 -0.16005 -0.098625 
1.02229 -0.0765266 0.0442706 -0.386863 0.2188 -0.12913 0.414451 -0.447485 
1.52003 -0.324585 -0.588177 0.36107 -0.253387 -0.0503431 0.559281 -0.397991 
1.5578 -0.820524 0.307296 -0.289668 0.187184 -0.339447 0.636414 -0.403515 
1.4174 0.0107823 -0.861135 -0.00078403 0.590378 -0.4228 0.307774 -0.184146 
1.48676 -0.674759 -0.013418 -0.114006 0.465834 -0.442516 0.0883771 -0.0374278 
1.33371 -0.31268 -0.386038 0.0947082 0.0508754 -0.0689638 0.0604079 -0.0108991 
1.48461 -0.988627 0.264941 0.0454418 -0.320126 0.357375 -0.425575 0.197437 
1.69475 -1.11697 0.532814 -0.493242 0.0727209 0.237901 -0.0255496 -0.11761 
1.60778 -0.69572 -0.294254 0.402694 0.0873873 -0.549623 0.583 -0.312252 
0.903087 -0.291104 0.128243 -0.298871 0.356239 -0.373831 0.122987 -0.0816718 
1.15542 -0.127922 -0.270884 0.0167142 -0.023125 0.13584 -0.117302 -0.0759097 
